17.320
17.396
17.306
17.271
17.284
17.334
17.258
17.321
17.198
17.144
17.242
17.305
17.365
17.332
17.318
17.323
17.197
17.298
17.332
17.116
17.388
17.315
17.381
17.306
17.315
17.339
17.298
17.190
17.268
17.339
17.419
17.363
17.344
17.354
17.438
17.309
17.456
17.390
17.517
17.397
17.417
17.507
17.528
17.518
17.613
17.615
17.561
17.658
17.462
17.492
17.678
17.678
17.673
17.794
17.652
17.773
17.782
17.669
17.839
17.830
17.886
17.903
17.821
17.958
17.889
18.016
18.038
17.972
18.001
17.996
17.957
18.084
18.155
18.117
18.213
18.111
18.240
18.138
18.157
18.225
18.180
18.160
18.064
18.160
18.238
18.235
18.173
18.291
18.212
18.220
18.206
18.272
18.322
18.234
18.133
18.297
18.263
18.180
18.202
18.300
18.277
18.217
18.100
18.169
18.188
18.100
18.193
18.279
18.166
18.220
18.161
18.132
18.043
18.146
18.073
18.078
18.086
18.091
18.031
18.008
18.031
18.072
17.895
17.951
17.941
17.930
17.889
17.745
17.797
17.719
17.882
17.772
17.631
17.613
17.767
17.657
17.512
17.531
17.585
17.447
17.456
17.397
17.486
17.430
17.339
17.436
17.446
17.396
17.239
17.340
17.330
17.334
17.230
17.225
17.182
17.066
17.010
17.033
17.159
17.045
17.017
17.114
16.908
16.970
16.926
17.134
16.887
17.011
16.973
16.740
16.639
16.895
17.000
16.881
16.751
16.851
16.750
16.910
16.840
16.921
16.812
16.780
16.761
16.848
16.804
16.858
16.946
16.863
17.151
16.854
16.896
16.752
16.935
17.028
16.958
16.887
17.010
17.018
16.811
16.965
16.627
16.975
17.056
17.113
16.926
17.033
16.979
17.144
17.126
17.247
17.122
16.972
17.026
16.993
17.092
17.133
17.004
17.158
17.238
17.219
17.211
17.153
17.281
17.287
17.155
17.119
17.344
17.285
17.152
17.345
17.125
17.383
17.282
17.343
17.333
17.279
17.058
17.176
17.170
17.501
17.365
17.443
17.189
17.358
17.344
17.492
17.310
17.263
17.464
17.385
17.535
17.425
17.610
17.387
17.247
17.450
17.304
17.344
17.609
17.488
17.381
17.483
17.470
17.428
17.535
17.475
17.162
17.397
17.461
17.302
17.413
17.464
17.355
17.230
17.539
17.382
17.451
17.284
17.346
17.392
17.270
17.236
17.143
17.335
17.300
17.163
17.300
17.327
17.327
17.226
17.220
17.414
17.262
17.188
17.357
17.142
17.102
16.996
17.118
17.325
16.997
17.152
17.374
17.244
17.338
17.257
17.156
17.418
17.271
17.118
17.235
17.226
17.341
17.247
17.246
17.289
17.300
17.384
17.347
17.103
17.248
17.524
17.502
17.444
17.394
17.380
17.449
17.466
17.318
17.517
17.266
17.433
17.259
17.410
17.421
17.523
17.434
17.524
17.480
17.608
17.429
17.418
17.561
17.561
17.679
17.725
17.664
17.601
17.604
17.649
17.804
17.695
17.669
17.809
17.741
17.820
17.852
17.783
17.890
18.015
17.945
17.940
17.947
17.909
17.748
17.979
17.986
17.864
18.079
18.024
18.055
18.069
17.978
18.155
18.142
18.044
18.088
18.183
18.135
18.162
18.110
18.150
18.240
18.129
18.111
18.156
18.279
18.260
18.278
18.026
18.137
18.197
18.164
18.167
18.111
18.106
18.182
17.971
18.212
18.034
18.210
18.064
18.075
18.178
18.044
18.133
18.174
18.082
18.166
17.913
18.039
17.985
17.971
17.901
17.860
17.919
17.841
17.793
17.781
17.825
17.895
17.635
17.774
17.722
17.767
17.631
17.656
17.583
17.647
17.646
17.749
17.429
17.631
17.546
17.585
17.369
17.477
17.586
17.298
17.443
17.286
17.411
17.426
17.342
17.272
17.155
17.142
17.214
17.091
17.159
17.250
17.052
16.988
17.068
16.999
17.057
17.137
17.178
17.002
17.083
17.108
17.086
16.873
17.011
16.897
16.849
16.811
16.950
16.817
16.871
16.819
16.847
16.744
16.786
17.003
16.818
16.800
16.853
16.962
16.995
16.866
16.979
16.984
16.876
16.946
16.939
16.928
16.811
16.990
17.038
17.013
17.020
17.046
16.853
17.064
17.035
17.035
17.092
17.127
17.225
17.087
17.035
17.170
16.905
17.146
17.133
17.073
16.975
17.228
17.071
17.057
17.076
17.089
17.208
17.208
17.402
17.241
17.238
17.333
17.304
17.108
17.358
16.892
17.360
17.326
17.264
17.361
17.359
17.279
17.478
17.357
17.356
17.405
17.508
17.436
17.415
17.384
17.402
17.522
17.466
17.497
17.424
17.528
17.479
17.468
17.334
17.465
17.509
17.446
17.482
17.496
17.418
17.484
17.531
17.445
17.389
17.414
17.451
17.441
17.388
17.416
17.511
17.553
17.459
17.313
17.477
17.432
17.461
17.383
17.556
17.248
17.344
17.348
17.294
17.536
17.326
17.456
17.264
17.226
17.396
17.369
17.343
17.351
17.455
17.311
17.280
17.315
17.404
17.267
17.325
17.350
17.207
17.240
17.489
17.198
17.288
17.344
17.156
17.226
17.203
17.351
17.278
17.191
17.160
17.211
17.274
17.331
17.399
17.356
17.299
17.333
17.344
17.358
17.359
17.357
17.288
17.214
17.339
17.350
17.246
17.401
17.266
17.377
17.347
17.284
17.377
17.431
17.520
17.379
17.441
17.461
17.444
17.490
17.357
17.644
17.592
17.484
17.458
17.585
17.477
17.693
17.607
17.717
17.723
17.738
17.782
17.768
17.707
17.746
17.790
17.748
17.781
17.906
17.760
17.806
17.928
17.885
17.871
17.935
17.958
17.919
17.966
18.059
17.988
18.005
17.990
18.015
17.994
18.041
18.095
18.035
18.085
18.113
18.002
18.050
18.146
18.014
18.069
18.199
18.093
18.128
18.122
18.087
18.111
18.083
18.124
18.171
18.179
18.123
18.154
18.080
18.072
18.156
18.045
18.078
18.105
17.965
17.991
17.902
17.919
17.994
17.967
17.896
17.937
17.896
17.884
18.011
17.951
17.908
17.888
17.893
17.943
17.769
17.862
17.815
17.825
17.794
17.715
17.698
17.629
17.620
17.584
17.493
17.592
17.573
17.446
17.522
17.576
17.515
17.609
17.500
17.498
17.512
17.525
17.339
17.440
17.331
17.364
17.293
17.224
17.332
17.271
17.275
17.289
17.135
17.289
17.206
17.234
16.969
17.070
17.109
17.160
17.087
17.157
17.107
16.880
17.062
17.016
16.994
17.083
17.098
16.961
16.880
17.096
17.069
16.992
17.073
16.938
16.819
17.030
16.949
17.121
16.922
17.059
17.158
17.193
17.050
17.180
17.065
17.030
17.079
17.052
17.127
17.116
16.904
17.089
17.062
17.106
17.161
17.046
17.115
17.199
17.073
17.088
17.211
17.211
17.139
17.125
17.241
17.281
17.129
17.214
17.261
17.217
17.134
17.143
17.150
17.223
17.242
17.315
17.169
17.241
17.380
17.138
17.200
17.273
17.240
17.163
17.317
17.305
17.359
17.366
17.340
17.477
17.419
17.427
17.486
17.392
17.494
17.601
17.511
17.401
17.373
17.428
17.575
17.554
17.525
17.472
17.468
17.461
17.463
17.455
17.561
17.504
17.514
17.420
17.409
17.431
17.506
17.443
17.568
17.505
17.569
17.458
17.522
17.503
17.495
17.498
17.465
17.478
17.430
17.483
17.477
17.458
17.341
17.408
17.417
17.456
17.493
17.448
17.321
17.402
17.351
17.296
17.384
17.221
17.431
17.368
17.358
17.376
17.335
17.264
17.299
17.236
17.344
17.311
17.297
17.243
17.285
17.329
17.318
17.280
17.326
17.308
17.292
17.336
17.275
17.334
17.272
17.239
17.320
17.328
17.293
17.422
17.371
17.311
17.363
17.390
17.367
17.416
17.379
17.379
17.459
17.421
17.447
17.365
17.308
17.365
17.380
17.327
17.412
17.401
17.480
17.522
17.455
17.458
17.467
17.511
17.552
17.480
17.473
17.476
17.519
17.560
17.551
17.586
17.574
17.651
17.684
17.671
17.671
17.693
17.729
17.706
17.758
17.776
17.812
17.765
17.837
17.805
17.749
17.864
17.876
17.800
17.854
17.865
17.872
17.882
17.942
17.908
17.889
17.951
17.952
17.960
17.884
17.964
17.996
17.961
17.966
17.982
17.966
18.006
18.054
18.076
18.025
17.990
18.035
18.018
17.913
17.926
18.001
17.997
17.990
18.007
18.063
18.033
18.050
17.913
18.126
17.962
18.006
17.945
17.967
17.937
17.911
17.909
17.885
17.877
17.912
17.855
17.818
17.842
17.804
17.927
17.857
17.909
17.836
17.863
17.818
17.817
17.706
17.732
17.689
17.681
17.668
17.675
17.699
17.617
17.681
17.610
17.591
17.524
17.576
17.524
17.526
17.490
17.526
17.478
17.413
17.471
17.476
17.412
17.355
17.418
17.381
17.416
17.316
17.349
17.343
17.287
17.290
17.298
17.242
17.288
17.242
17.337
17.266
17.251
17.225
17.190
17.191
17.214
17.249
17.205
17.252
17.160
17.139
17.156
17.183
17.118
17.153
17.123
17.087
17.134
17.113
17.188
17.134
17.059
17.030
17.181
17.101
17.174
17.202
17.200
17.169
17.142
17.124
17.112
17.220
17.235
17.243
17.211
17.198
17.242
17.224
17.260
17.196
17.284
17.233
17.313
17.228
17.220
17.238
17.176
17.255
17.290
17.219
17.309
17.438
17.296
17.428
17.342
17.457
17.393
17.414
17.393
17.346
17.480
17.362
17.485
17.542
17.407
17.398
17.486
17.528
17.509
17.404
17.534
17.552
17.493
17.559
17.439
17.502
17.583
17.593
17.557
17.523
17.647
17.509
17.502
17.573
17.554
17.536
17.576
17.576
17.553
17.598
17.599
17.571
17.649
17.566
17.615
17.561
17.575
17.500
17.624
17.574
17.619
17.640
17.619
17.624
17.687
17.561
17.606
17.625
17.539
17.523
17.532
17.536
17.506
17.549
17.488
17.452
17.612
17.566
17.406
17.549
17.472
17.541
17.440
17.445
17.420
17.441
17.436
17.473
17.431
17.400
17.374
17.363
17.419
17.488
17.472
17.462
17.436
17.350
17.387
17.457
17.369
17.391
17.359
17.456
17.360
17.488
17.391
17.394
17.422
17.425
17.411
17.451
17.346
17.448
17.463
17.424
17.442
17.420
17.475
17.440
17.443
17.444
17.432
17.461
17.457
17.437
17.498
17.476
17.520
17.467
17.469
17.483
17.496
17.558
17.470
17.557
17.512
17.528
17.527
17.590
17.599
17.595
17.539
17.589
17.651
17.657
17.629
17.652
17.727
17.660
17.660
17.674
17.696
17.686
17.742
17.760
17.767
17.716
17.776
17.813
17.851
17.768
17.762
17.807
17.819
17.818
17.872
17.791
17.870
17.847
17.891
17.879
17.898
17.894
17.872
17.896
17.905
17.935
17.900
17.923
17.918
17.922
17.935
17.935
17.923
17.861
17.899
17.950
17.955
17.900
17.880
17.942
17.857
17.921
17.901
17.852
17.883
17.919
17.867
17.882
17.885
17.890
17.889
17.827
17.869
17.854
17.812
17.747
17.863
17.800
17.792
17.799
17.723
17.717
17.767
17.742
17.734
17.666
17.696
17.683
17.674
17.640
17.672
17.623
17.549
17.602
17.532
17.564
17.577
17.588
17.532
17.528
17.568
17.486
17.479
17.370
17.459
17.412
17.491
17.479
17.399
17.412
17.432
17.412
17.416
17.345
17.303
17.335
17.309
17.303
17.308
17.284
17.281
17.296
17.303
17.275
17.263
17.277
17.237
17.262
17.293
17.295
17.203
17.322
17.241
17.242
17.260
17.257
17.222
17.278
17.198
17.240
17.260
17.267
17.177
17.271
17.229
17.295
17.241
17.290
17.204
17.219
17.289
17.260
17.257
17.248
17.261
17.297
17.285
17.326
17.302
17.347
17.332
17.368
17.345
17.360
17.359
17.285
17.453
17.446
17.338
17.426
17.390
17.392
17.424
17.408
17.406
17.436
17.400
17.447
17.442
17.480
17.539
17.404
17.456
17.494
17.558
17.480
17.550
17.490
17.551
17.544
17.586
17.624
17.562
17.568
17.603
17.648
17.654
17.617
17.584
17.604
17.666
17.608
17.637
17.651
17.606
17.672
17.702
17.583
17.619
17.626
17.693
17.576
17.635
17.641
17.698
17.611
17.578
17.637
17.659
17.654
17.657
17.650
17.650
17.647
17.669
17.646
17.617
17.610
17.587
17.598
17.624
17.592
17.607
17.602
17.606
17.638
17.584
17.594
17.597
17.573
17.600
17.584
17.574
17.578
17.572
17.542
17.589
17.555
17.613
17.527
17.587
17.531
17.502
17.548
17.506
17.467
17.533
17.520
17.501
17.538
17.550
17.463
17.484
17.485
17.474
17.495
17.458
17.517
17.452
17.491
17.502
17.462
17.432
17.425
17.474
17.505
17.468
17.453
17.402
17.472
17.471
17.541
17.454
17.466
17.445
17.485
17.461
17.455
17.414
17.468
17.442
17.482
17.470
17.487
17.495
17.475
17.490
17.509
17.518
17.490
17.543
17.457
17.541
17.526
17.579
17.543
17.578
17.595
17.598
17.610
17.549
17.580
17.567
17.547
17.623
17.623
17.591
17.688
17.587
17.621
17.598
17.613
17.676
17.720
17.651
17.789
17.638
17.703
17.727
17.844
17.692
17.762
17.772
17.753
17.681
17.679
17.769
17.772
17.773
17.762
17.800
17.747
17.841
17.721
17.695
17.782
17.829
17.819
17.833
17.748
17.826
17.798
17.795
17.739
17.786
17.762
17.762
17.769
17.819
17.836
17.820
17.826
17.843
17.807
17.834
17.734
17.754
17.713
17.819
17.774
17.671
17.737
17.723
17.704
17.708
17.751
17.650
17.661
17.735
17.614
17.692
17.742
17.673
17.559
17.575
17.573
17.562
17.646
17.552
17.575
17.576
17.479
17.531
17.520
17.463
17.426
17.507
17.405
17.441
17.389
17.422
17.447
17.450
17.408
17.418
17.399
17.433
17.415
17.362
17.339
17.312
17.313
17.347
17.316
17.311
17.395
17.302
17.296
17.318
17.257
17.278
17.349
17.372
17.361
17.354
17.325
17.345
17.381
17.294
17.261
17.235
17.227
17.334
17.339
17.266
17.311
17.234
17.360
17.306
17.353
17.286
17.308
17.258
17.334
17.277
17.305
17.388
17.360
17.325
17.366
17.379
17.350
17.386
17.350
17.415
17.455
17.510
17.413
17.459
17.464
17.514
17.470
17.454
17.426
17.436
17.422
17.504
17.522
17.513
17.551
17.538
17.543
17.622
17.681
17.536
17.683
17.648
17.673
17.655
17.626
17.579
17.687
17.635
17.555
17.603
17.645
17.626
17.662
17.629
17.690
17.670
17.656
17.793
17.801
17.735
17.764
17.693
17.690
17.690
17.778
17.769
17.741
17.793
17.741
17.732
17.730
17.706
17.739
17.777
17.789
17.745
17.761
17.842
17.721
17.691
17.736
17.780
17.695
17.756
17.785
17.794
17.816
17.752
17.763
17.657
17.709
17.765
17.730
17.756
17.737
17.751
17.754
17.696
17.706
17.743
17.757
17.725
17.683
17.786
17.632
17.693
17.632
17.731
17.676
17.633
17.718
17.671
17.692
17.611
17.628
17.566
17.602
17.599
17.662
17.592
17.606
17.585
17.654
17.583
17.651
17.543
17.547
17.603
17.608
17.593
17.565
17.494
17.572
17.517
17.558
17.541
17.542
17.560
17.525
17.626
17.522
17.510
17.560
17.510
17.507
17.559
17.499
17.521
17.524
17.519
17.538
17.522
17.526
17.509
17.478
17.546
17.566
17.483
17.476
17.531
17.505
17.554
17.517
17.538
17.516
17.523
17.507
17.550
17.524
17.547
17.601
17.526
17.512
17.516
17.621
17.603
17.614
17.645
17.582
17.578
17.580
17.597
17.615
17.600
17.597
17.630
17.619
17.654
17.662
17.616
17.631
17.648
17.680
17.630
17.663
17.677
17.671
17.652
17.597
17.681
17.699
17.752
17.586
17.635
17.697
17.699
17.753
17.682
17.668
17.761
17.674
17.691
17.673
17.678
17.695
17.691
17.611
17.697
17.696
17.646
17.665
17.729
17.666
17.730
17.658
17.718
17.700
17.689
17.659
17.716
17.699
17.643
17.614
17.630
17.659
17.664
17.596
17.539
17.634
17.665
17.667
17.568
17.536
17.567
17.496
17.619
17.513
17.574
17.615
17.572
17.569
17.467
17.526
17.459
17.501
17.593
17.432
17.436
17.444
17.513
17.434
17.393
17.430
17.472
17.395
17.466
17.453
17.461
17.378
17.463
17.414
17.400
17.392
17.375
17.423
17.328
17.360
17.369
17.376
17.340
17.365
17.344
17.350
17.365
17.346
17.355
17.397
17.303
17.383
17.345
17.365
17.395
17.315
17.299
17.400
17.372
17.340
17.326
17.365
17.347
17.367
17.363
17.397
17.338
17.392
17.390
17.321
17.321
17.409
17.407
17.384
17.468
17.452
17.407
17.428
17.411
17.452
17.478
17.491
17.429
17.514
17.499
17.512
17.548
17.543
17.510
17.497
17.563
17.559
17.597
17.549
17.530
17.611
17.577
17.625
17.708
17.624
17.632
17.598
17.620
17.669
17.655
17.608
17.693
17.686
17.727
17.830
17.690
17.690
17.757
17.682
17.785
17.695
17.823
17.792
17.717
17.830
17.807
17.828
17.868
17.793
17.775
17.840
17.812
17.824
17.858
17.840
17.852
17.787
17.824
17.800
17.838
17.925
17.781
17.855
17.812
17.873
17.833
17.859
17.871
17.900
17.866
17.846
17.850
17.870
17.802
17.859
17.852
17.891
17.873
17.889
17.847
17.788
17.828
17.873
17.742
17.776
17.720
17.814
17.771
17.903
17.817
17.780
17.776
17.830
17.716
17.698
17.716
17.749
17.771
17.681
17.688
17.726
17.785
17.694
17.702
17.738
17.670
17.687
17.622
17.616
17.609
17.649
17.659
17.584
17.626
17.628
17.570
17.567
17.530
17.542
17.573
17.527
17.548
17.420
17.527
17.496
17.480
17.450
17.500
17.503
17.483
17.525
17.522
17.523
17.391
17.453
17.430
17.503
17.508
17.413
17.437
17.477
17.437
17.454
17.453
17.423
17.444
17.455
17.398
17.418
17.462
17.419
17.434
17.479
17.380
17.428
17.397
17.392
17.485
17.418
17.431
17.465
17.418
17.440
17.403
17.450
17.448
17.467
17.400
17.490
17.469
17.430
17.421
17.445
17.438
17.509
17.459
17.559
17.497
17.459
17.467
17.503
17.509
17.503
17.487
17.471
17.520
17.558
17.540
17.540
17.511
17.537
17.516
17.488
17.498
17.564
17.580
17.549
17.540
17.514
17.479
17.544
17.549
17.514
17.557
17.582
17.587
17.543
17.558
17.522
17.633
17.593
17.620
17.504
17.490
17.528
17.549
17.552
17.523
17.554
17.508
17.633
17.540
17.488
17.571
17.556
17.565
17.493
17.568
17.493
17.489
17.471
17.454
17.511
17.471
17.417
17.452
17.449
17.437
17.409
17.419
17.426
17.513
17.400
17.449
17.419
17.473
17.498
17.455
17.338
17.462
17.459
17.362
17.413
17.354
17.367
17.419
17.408
17.356
17.416
17.370
17.380
17.292
17.356
17.359
17.363
17.387
17.367
17.330
17.374
17.284
17.318
17.393
17.357
17.435
17.325
17.396
17.322
17.357
17.329
17.332
17.454
17.320
17.418
17.372
17.497
17.371
17.377
17.431
17.385
17.397
17.464
17.431
17.369
17.430
17.447
17.419
17.523
17.397
17.418
17.520
17.469
17.452
17.464
17.476
17.493
17.503
17.446
17.556
17.505
17.533
17.541
17.598
17.567
17.604
17.529
17.633
17.600
17.598
17.511
17.657
17.524
17.648
17.667
17.591
17.669
17.692
17.694
17.678
17.683
17.761
17.757
17.722
17.621
17.688
17.733
17.802
17.756
17.808
17.709
17.744
17.717
17.820
17.807
17.782
17.941
17.814
17.823
17.825
17.929
17.802
17.885
17.818
17.809
17.797
17.854
17.858
17.894
17.788
17.857
17.905
17.859
17.819
17.897
17.793
17.932
17.926
17.894
17.986
17.894
17.907
17.958
17.917
18.007
17.882
17.963
17.783
17.944
18.002
17.924
17.894
17.975
17.804
17.926
17.932
17.795
17.852
17.872
17.847
17.895
17.760
17.749
17.726
17.662
17.776
17.804
17.701
17.718
17.857
17.748
17.716
17.736
17.757
17.753
17.736
17.727
17.713
17.755
17.704
17.663
17.657
17.678
17.711
17.527
17.671
17.562
17.639
17.656
17.515
17.485
17.531
17.540
17.476
17.455
17.497
17.526
17.448
17.406
17.467
17.444
17.365
17.351
17.352
17.352
17.364
17.397
17.430
17.305
17.395
17.284
17.367
17.319
17.303
17.350
17.359
17.376
17.339
17.254
17.234
17.218
17.269
17.299
17.240
17.271
17.274
17.278
17.261
17.233
17.324
17.254
17.178
17.258
17.197
17.217
17.217
17.272
17.257
17.281
17.210
17.174
17.291
17.238
17.218
17.321
17.210
17.213
17.245
17.213
17.228
17.269
17.309
17.266
17.314
17.300
17.306
17.290
17.253
17.272
17.318
17.338
17.349
17.340
17.281
17.319
17.361
17.364
17.308
17.361
17.312
17.433
17.411
17.326
17.399
17.376
17.343
17.389
17.370
17.439
17.373
17.362
17.347
17.387
17.352
17.451
17.368
17.409
17.433
17.409
17.460
17.371
17.403
17.455
17.394
17.367
17.365
17.405
17.401
17.417
17.437
17.385
17.339
17.434
17.407
17.327
17.399
17.392
17.412
17.395
17.454
17.414
17.370
17.436
17.297
17.411
17.326
17.262
17.356
17.437
17.343
17.339
17.377
17.414
17.316
17.342
17.401
17.370
17.258
17.309
17.245
17.402
17.324
17.396
17.300
17.289
17.306
17.292
17.364
17.351
17.345
17.298
17.322
17.318
17.299
17.335
17.318
17.350
17.329
17.396
17.365
17.361
17.412
17.384
17.406
17.395
17.411
17.415
17.443
17.419
17.433
17.460
17.471
17.438
17.429
17.431
17.452
17.533
17.493
17.488
17.413
17.472
17.466
17.542
17.524
17.471
17.503
17.499
17.560
17.572
17.537
17.525
17.521
17.627
17.598
17.702
17.637
17.671
17.614
17.634
17.617
17.639
17.627
17.749
17.790
17.762
17.750
17.736
17.771
17.672
17.724
17.753
17.724
17.725
17.765
17.793
17.798
17.908
17.772
17.839
17.895
17.895
17.902
17.884
17.888
17.933
17.916
17.902
17.909
17.928
17.976
18.009
18.034
17.987
17.951
17.905
17.945
17.948
17.948
17.994
17.980
17.995
18.032
18.039
18.051
18.037
18.017
17.995
18.152
18.068
17.945
18.089
18.062
18.020
18.045
18.083
18.044
18.033
18.085
18.012
18.055
18.065
18.057
17.999
18.001
18.005
17.979
18.011
17.959
17.932
18.005
17.945
18.047
17.966
17.861
17.907
17.869
17.854
17.898
17.940
17.878
17.796
17.862
17.796
17.751
17.779
17.842
17.826
17.737
17.729
17.699
17.642
17.658
17.663
17.614
17.644
17.640
17.561
17.518
17.501
17.540
17.482
17.559
17.423
17.455
17.413
17.439
17.458
17.466
17.371
17.381
17.329
17.372
17.332
17.329
17.314
17.320
17.353
17.267
17.231
17.331
17.242
17.162
17.251
17.282
17.218
17.275
17.173
17.147
17.203
17.184
17.141
17.092
17.250
17.118
17.128
17.125
17.128
17.100
17.142
17.097
17.100
17.107
17.147
17.152
17.115
17.123
17.163
17.130
17.179
17.116
17.110
17.184
17.104
17.101
17.082
17.137
17.108
17.198
17.149
17.191
17.229
17.215
17.187
17.191
17.196
17.239
17.205
17.211
17.242
17.223
17.269
17.229
17.297
17.247
17.267
17.246
17.255
17.325
17.316
17.216
17.328
17.292
17.238
17.288
17.309
17.311
17.328
17.264
17.369
17.287
17.300
17.326
17.380
17.331
17.402
17.351
17.426
17.409
17.410
17.351
17.394
17.401
17.309
17.348
17.385
17.388
17.453
17.387
17.372
17.355
17.350
17.494
17.414
17.403
17.397
17.358
17.402
17.370
17.375
17.280
17.282
17.401
17.315
17.387
17.339
17.287
17.341
17.398
17.380
17.355
17.319
17.334
17.366
17.343
17.437
17.368
17.278
17.350
17.333
17.341
17.314
17.282
17.352
17.383
17.376
17.364
17.290
17.409
17.425
17.382
17.297
17.350
17.346
17.379
17.294
17.378
17.382
17.355
17.460
17.379
17.406
17.357
17.371
17.386
17.400
17.394
17.423
17.422
17.482
17.418
17.390
17.413
17.427
17.502
17.544
17.500
17.432
17.461
17.454
17.469
17.433
17.499
17.433
17.518
17.512
17.518
17.576
17.588
17.590
17.539
17.556
17.554
17.643
17.587
17.658
17.594
17.627
17.606
17.654
17.683
17.648
17.728
17.692
17.647
17.710
17.745
17.735
17.684
17.827
17.829
17.864
17.828
17.987
17.874
17.867
17.877
17.945
18.002
17.882
17.856
18.006
17.886
18.118
17.998
17.927
17.937
17.996
18.063
18.018
18.053
18.164
17.998
18.107
18.107
18.017
18.050
18.066
18.097
18.073
18.161
18.083
18.075
18.214
18.052
18.218
18.035
18.213
18.088
18.178
18.033
18.115
18.167
18.171
18.034
18.016
18.085
18.040
18.041
18.090
18.036
18.120
18.123
18.099
18.134
17.977
18.031
18.154
18.105
17.955
17.987
17.961
17.861
17.934
17.870
17.968
17.909
17.789
17.921
17.806
17.853
17.796
17.733
17.797
17.719
17.792
17.679
17.704
17.789
17.743
17.676
17.684
17.698
17.545
17.533
17.500
17.529
17.437
17.506
17.525
17.523
17.471
17.445
17.472
17.393
17.234
17.322
17.481
17.355
17.226
17.294
17.153
17.302
17.183
17.179
17.242
17.197
17.126
17.197
17.247
17.145
17.150
17.098
17.095
17.138
17.153
17.107
17.019
17.005
17.134
17.106
17.069
17.033
17.052
17.034
17.066
17.149
17.027
17.031
16.979
17.159
16.975
17.088
17.042
17.086
17.033
17.072
17.007
17.066
17.123
17.073
17.114
17.107
17.092
17.087
17.090
17.125
17.151
17.109
17.123
17.180
17.177
17.213
17.139
17.229
17.066
17.177
17.135
17.234
17.252
17.215
17.269
17.296
17.231
17.325
17.273
17.327
17.345
17.281
17.357
17.301
17.299
17.384
17.279
17.202
17.334
17.371
17.251
17.401
17.303
17.422
17.326
17.333
17.395
17.409
17.307
17.402
17.374
17.414
17.400
17.400
17.400
17.417
17.458
17.356
17.440
17.446
17.450
17.455
17.509
17.384
17.467
17.465
17.418
17.472
17.371
17.418
17.437
17.373
17.380
17.435
17.459
17.418
17.481
17.354
17.483
17.389
17.372
17.497
17.480
17.419
17.431
17.410
17.352
17.431
17.444
17.356
17.467
17.317
17.409
17.365
17.387
17.316
17.305
17.400
17.323
17.448
17.383
17.334
17.411
17.429
17.412
17.397
17.339
17.323
17.273
17.388
17.356
17.377
17.460
17.404
17.395
17.492
17.391
17.454
17.452
17.464
17.379
17.398
17.399
17.363
17.451
17.437
17.465
17.488
17.414
17.518
17.455
17.513
17.495
17.525
17.579
17.558
17.616
17.596
17.607
17.568
17.620
17.574
17.637
17.642
17.572
17.629
17.612
17.633
17.731
17.624
17.663
17.723
17.744
17.781
17.779
17.805
17.824
17.832
17.861
17.847
17.917
17.890
17.920
17.915
17.910
17.975
17.994
17.985
17.934
17.973
17.993
18.046
18.018
18.071
18.045
18.099
18.090
18.144
18.107
18.173
18.172
18.151
18.116
18.187
18.156
18.200
18.162
18.214
18.079
18.125
18.201
18.239
18.259
18.227
18.197
18.232
18.264
18.269
18.243
18.263
18.260
18.198
18.191
18.124
18.196
18.232
18.096
18.122
18.213
18.159
18.155
18.178
18.119
18.160
18.172
18.142
18.092
18.118
18.093
18.122
18.068
17.995
17.976
17.974
17.958
17.950
17.970
17.898
17.944
17.901
17.778
17.798
17.923
17.847
17.762
17.751
17.718
17.662
17.663
17.680
17.622
17.581
17.506
17.662
17.536
17.453
17.520
17.454
17.408
17.375
17.449
17.317
17.321
17.319
17.210
17.163
17.251
17.254
17.139
17.201
17.259
17.149
17.139
17.167
17.098
17.112
17.101
17.091
17.082
17.046
16.942
17.001
17.094
17.018
17.030
16.952
17.002
16.971
16.834
16.850
16.893
16.829
16.823
17.109
16.921
16.883
16.898
16.896
16.860
16.827
16.979
16.895
16.881
16.845
16.837
16.939
16.852
16.892
16.911
16.915
17.009
16.992
16.910
16.992
16.983
16.958
16.960
16.997
17.038
17.027
17.043
17.047
17.049
17.040
17.038
17.123
17.071
17.068
17.080
17.130
17.132
17.116
17.158
17.201
17.173
17.176
17.206
17.169
17.178
17.206
17.296
17.263
17.239
17.293
17.282
17.295
17.294
17.293
17.234
17.273
17.313
17.313
17.225
17.367
17.360
17.355
17.388
17.385
17.391
17.310
17.406
17.390
17.380
17.385
17.346
17.475
17.368
17.437
17.358
17.418
17.409
17.334
17.383
17.436
17.436
17.502
17.442
17.428
17.390
17.420
17.441
17.472
17.367
17.399
17.346
17.374
17.412
17.390
17.322
17.456
17.407
17.382
17.357
17.370
17.323
17.417
17.384
17.335
17.324
17.400
17.320
17.410
17.270
17.289
17.227
17.415
17.322
17.283
17.274
17.444
17.198
17.303
17.350
17.288
17.284
17.334
17.308
17.393
17.264
17.325
17.226
17.304
17.356
17.334
17.362
17.320
17.317
17.440
17.340
17.360
17.413
17.419
17.485
17.439
17.356
17.456
17.391
17.467
17.485
17.422
17.456
17.465
17.485
17.427
17.531
17.554
17.531
17.482
17.564
17.515
17.540
17.565
17.556
17.589
17.706
17.707
17.542
17.708
17.698
17.691
17.791
17.708
17.790
17.782
17.813
17.846
17.834
17.821
17.949
17.890
17.973
17.927
17.993
17.992
17.998
17.940
18.030
18.017
18.021
18.065
18.102
18.072
18.101
18.162
18.115
18.139
18.199
18.223
18.181
18.281
18.283
18.231
18.305
18.227
18.184
18.306
18.316
18.280
18.264
18.350
18.317
18.274
18.275
18.265
18.337
18.335
18.307
18.171
18.289
18.223
18.312
18.257
18.262
18.228
18.223
18.180
18.191
18.217
18.238
18.124
18.192
18.153
18.174
18.065
18.089
18.036
18.053
18.046
17.992
18.043
17.966
18.067
17.952
18.059
17.937
17.957
17.914
17.899
17.854
17.769
17.885
17.701
17.734
17.824
17.649
17.637
17.673
17.557
17.588
17.545
17.467
17.613
17.447
17.324
17.336
17.265
17.354
17.426
17.275
17.174
17.222
17.171
17.205
17.058
17.020
17.046
17.143
17.124
16.960
17.003
16.949
17.065
16.936
16.942
16.882
16.823
16.925
16.823
16.827
16.883
16.774
16.775
16.682
16.838
16.783
16.678
16.854
16.751
16.770
16.793
16.921
16.682
16.781
16.801
16.763
16.797
16.729
16.622
16.896
16.761
16.762
16.897
16.808
16.778
16.796
16.879
16.831
16.797
16.842
16.743
16.840
16.859
16.834
16.909
16.914
16.832
16.900
16.957
16.982
17.000
16.912
17.051
17.038
17.107
17.033
17.087
17.125
17.065
17.106
17.108
17.154
17.008
17.141
17.188
17.195
17.197
17.149
17.122
17.242
17.199
17.257
17.168
17.285
17.297
17.286
17.266
17.203
17.157
17.200
17.319
17.330
17.239
17.416
17.373
17.354
17.348
17.361
17.425
17.453
17.416
17.508
17.392
17.381
17.413
17.481
17.418
17.377
17.434
17.405
17.497
17.499
17.547
17.472
17.495
17.467
17.494
17.422
17.503
17.524
17.463
17.581
17.491
17.368
17.417
17.353
17.413
17.445
17.495
17.351
17.340
17.426
17.185
17.191
17.211
17.164
17.256
17.309
17.262
17.201
17.230
17.417
17.020
17.519
17.021
17.336
17.080
17.237
17.377
17.412
17.269
17.184
17.110
17.113
17.223
17.225
17.248
17.169
17.107
17.350
17.318
17.143
17.202
17.256
17.227
17.298
17.294
17.417
17.209
17.255
17.054
17.111
17.322
17.217
17.441
17.419
17.495
17.407
17.218
17.556
17.326
17.243
17.459
17.396
17.261
17.481
17.538
17.536
17.586
17.552
17.532
17.712
17.657
17.629
17.639
17.658
17.644
17.648
17.641
17.652
17.749
17.747
17.784
17.828
17.703
17.683
17.891
17.770
17.847
17.958
17.912
17.955
17.983
18.023
18.046
18.031
18.017
18.085
18.033
18.107
18.229
18.215
18.236
18.235
18.177
18.208
18.101
18.329
18.298
18.324
18.276
18.318
18.358
18.209
18.177
18.477
18.292
18.396
18.239
18.253
18.389
18.323
18.309
18.336
18.269
18.330
18.348
18.253
18.345
18.482
18.372
18.318
18.395
18.426
18.350
18.231
18.191
18.224
18.233
18.169
18.217
18.160
18.172
18.186
17.996
18.124
18.076
17.990
17.996
18.091
17.934
17.963
17.901
18.024
17.889
17.758
17.747
17.743
17.774
17.830
17.718
17.664
17.599
17.659
17.699
17.536
17.600
17.486
17.490
17.434
17.461
17.427
17.273
17.345
17.277
17.344
17.340
17.276
17.225
17.234
17.247
17.066
17.096
17.114
17.039
17.050
16.988
16.831
17.092
16.988
16.887
17.005
17.042
16.881
16.808
16.808
16.940
16.939
16.811
16.741
16.759
16.848
16.840
16.796
16.696
16.754
16.687
16.718
16.895
16.870
16.785
16.680
16.771
16.752
16.754
16.765
16.584
16.809
16.828
16.758
16.719
16.833
16.797
16.846
16.736
16.860
16.704
16.764
16.765
16.857
16.987
16.928
16.965
16.878
16.954
17.017
16.906
16.977
17.062
17.062
17.054
17.221
17.004
17.145
17.070
17.028
17.045
17.170
17.144
17.219
17.170
17.182
17.158
17.191
17.155
17.256
17.245
17.025
17.408
17.308
17.264
17.322
17.404
17.321
17.486
17.455
17.420
17.158
17.571
17.379
17.335
17.375
17.484
17.304
17.362
17.554
17.430
17.389
17.480
17.358
17.376
17.356
17.465
17.667
17.406
17.411
17.442
17.497
17.415
17.420
17.561
17.483
17.484
17.419
17.451
17.383
17.434
17.443
17.413
17.315
17.445
17.239
17.397
17.320
17.279
17.220
17.317
17.276
17.229
17.218
17.232
17.322
17.094
17.253
17.307
17.287
17.141
17.237
17.228
17.107
17.114
17.028
17.180
17.177
17.147
17.168
17.100
17.134
17.195
17.075
17.069
17.131
17.106
17.072
17.018
17.142
17.078
17.109
16.972
17.159
17.067
17.188
17.273
17.294
17.298
17.086
17.110
17.301
17.312
17.356
17.267
17.379
17.333
17.276
17.475
17.388
17.377
17.426
17.391
17.384
17.301
17.472
17.466
17.409
17.442
17.593
17.461
17.503
17.659
17.567
17.686
17.616
17.547
17.673
17.627
17.699
17.633
17.765
17.759
17.697
17.742
17.751
17.829
17.858
17.731
17.850
17.841
18.082
17.897
18.105
17.982
18.024
18.092
18.104
18.115
18.134
18.181
18.114
18.160
18.249
18.329
18.321
18.296
18.243
18.278
18.411
18.320
18.355
18.436
18.322
18.330
18.351
18.470
18.440
18.501
18.379
18.467
18.651
18.493
18.479
18.375
18.272
18.297
18.252
18.416
18.289
18.264
18.275
18.330
18.352
18.260
18.295
18.196
18.313
18.253
18.079
18.045
18.168
18.185
17.984
18.014
17.966
18.192
18.070
17.992
17.996
18.117
18.038
17.933
17.894
17.821
17.714
17.646
17.761
17.830
17.732
17.858
17.763
17.762
17.620
17.612
17.651
17.357
17.632
17.484
17.347
17.415
17.431
17.444
17.266
17.308
17.285
17.145
17.204
17.225
17.220
17.063
17.253
17.043
17.016
17.026
17.088
17.194
17.177
16.732
16.913
16.972
16.866
16.826
16.907
16.953
16.817
16.727
16.836
16.817
16.952
16.846
16.904
16.748
16.888
16.732
16.738
16.742
16.821
16.645
16.673
16.707
16.748
16.732
16.791
16.748
16.730
16.815
16.706
16.856
16.773
16.822
16.856
16.868
16.787
16.854
16.750
16.885
16.870
16.994
16.916
16.901
16.987
16.940
17.034
16.973
16.987
16.960
17.091
17.114
16.958
17.065
17.115
17.093
17.094
17.084
17.170
17.153
17.174
17.102
17.135
17.203
17.261
17.288
17.127
17.222
17.243
17.304
17.331
17.411
17.359
17.427
17.455
17.316
17.348
17.385
17.511
17.363
17.544
17.377
17.352
17.349
17.396
17.503
17.390
17.345
17.497
17.576
17.377
17.390
17.503
17.598
17.346
17.662
17.256
17.450
17.510
17.367
17.640
17.445
17.341
17.384
17.336
17.393
17.560
17.336
17.294
17.491
17.421
17.511
17.377
17.472
17.260
17.261
17.458
17.344
17.465
17.311
17.376
17.260
17.429
17.270
17.389
17.296
17.153
17.254
17.227
17.315
17.072
17.111
17.310
17.148
17.274
17.027
17.063
17.223
17.072
17.273
16.929
17.064
17.103
17.070
17.222
17.172
16.932
17.126
17.028
17.059
17.071
17.045
17.136
17.179
16.937
17.149
17.186
17.078
17.042
17.160
17.023
17.117
17.219
17.243
17.255
17.152
17.120
17.220
17.278
17.284
17.202
17.266
17.351
17.249
17.296
17.303
17.223
17.340
17.337
17.271
17.358
17.420
17.402
17.448
17.512
17.542
17.601
17.625
17.616
17.640
17.729
17.710
17.716
17.728
17.802
17.778
17.702
17.747
17.862
18.026
17.880
17.816
17.667
17.876
17.839
17.875
17.970
18.031
18.107
17.900
18.104
18.089
18.320
17.984
18.232
18.274
17.996
18.031
18.148
18.164
18.183
18.248
18.190
18.234
18.243
18.296
18.178
18.280
18.387
18.258
18.291
18.277
18.189
18.397
18.085
18.336
18.417
18.195
18.325
18.235
18.325
18.225
18.336
18.349
18.180
18.108
18.364
18.221
18.215
18.244
18.209
18.148
18.171
17.893
18.149
18.132
18.110
18.058
17.927
18.011
17.982
18.055
18.079
17.838
18.041
17.803
17.879
17.933
17.662
17.807
17.712
17.717
17.639
17.634
17.765
17.511
17.520
17.542
17.395
17.364
17.439
17.270
17.374
17.360
17.298
17.359
17.206
17.329
17.145
17.233
16.934
17.031
17.137
17.064
17.125
17.022
16.939
17.010
16.943
16.849
16.970
16.860
16.943
16.819
16.885
16.888
16.923
16.831
16.952
16.666
16.914
16.789
16.848
16.850
16.875
16.785
16.787
16.800
16.787
16.825
16.797
16.777
16.826
16.800
16.711
16.809
16.902
16.834
16.773
16.949
16.880
16.835
16.846
16.884
16.911
16.974
16.886
16.863
16.778
16.920
16.998
17.112
16.948
17.000
17.038
17.153
17.067
17.142
17.149
17.161
17.188
17.083
17.076
17.184
17.195
17.260
17.168
17.186
17.244
17.350
17.354
17.400
17.206
17.452
17.376
17.357
17.330
17.374
17.361
17.445
17.366
17.440
17.303
17.460
17.455
17.514
17.454
17.431
17.485
17.435
17.650
17.439
17.461
17.646
17.378
17.518
17.636
17.378
17.574
17.497
17.686
17.488
17.561
17.595
17.510
17.498
17.684
17.684
17.449
17.620
17.518
17.579
17.550
17.475
17.256
17.318
17.481
17.664
17.311
17.330
17.338
17.509
17.372
17.527
17.413
17.299
17.399
17.268
17.405
17.285
17.239
17.165
17.318
17.254
17.221
17.166
17.182
17.204
17.131
17.269
17.226
17.365
17.125
17.301
17.253
17.425
17.277
17.181
17.259
17.179
16.957
17.254
17.072
16.942
16.938
17.136
17.120
17.265
17.023
17.306
17.050
17.087
17.204
17.220
17.239
17.037
17.189
17.089
17.236
17.407
17.272
17.215
17.109
17.270
17.246
17.229
17.182
17.440
17.300
17.358
17.245
17.198
17.309
17.291
17.208
17.381
17.459
17.388
17.395
17.578
17.594
17.521
17.528
17.414
17.581
17.475
17.610
17.525
17.653
17.696
17.823
17.684
17.610
17.707
17.772
17.893
17.799
17.859
17.841
17.838
17.757
17.827
17.921
17.956
18.043
17.852
17.928
18.096
18.129
18.039
18.037
18.122
18.159
18.129
18.218
18.115
18.245
18.095
18.222
18.092
18.290
18.316
18.236
18.197
18.241
18.309
18.329
18.136
18.323
18.264
18.132
18.114
18.045
18.209
18.357
18.188
18.048
18.189
17.983
18.238
18.198
18.267
18.161
18.133
18.061
18.059
18.184
18.133
18.122
18.056
18.024
18.100
17.984
17.949
17.942
17.892
17.978
17.935
17.935
17.836
17.884
17.711
17.871
17.752
17.818
17.831
17.770
17.678
17.683
17.746
17.638
17.588
17.552
17.615
17.540
17.488
17.447
17.448
17.384
17.383
17.431
17.336
17.346
17.284
17.134
17.295
17.160
17.165
17.253
17.129
17.053
17.029
17.186
17.051
16.979
16.926
17.044
17.026
17.124
17.091
17.018
16.970
17.044
16.969
16.968
16.943
17.016
17.016
16.896
17.021
16.892
16.928
16.865
17.023
16.858
16.919
17.023
16.911
17.020
16.907
16.982
16.917
16.995
16.993
17.010
16.883
16.952
17.024
17.097
17.117
17.013
17.083
17.075
17.040
17.144
17.149
17.128
17.137
17.166
17.220
17.139
17.233
17.285
17.313
17.304
17.281
17.249
17.253
17.313
17.362
17.317
17.265
17.322
17.444
17.176
17.337
17.419
17.339
17.431
17.479
17.394
17.446
17.485
17.490
17.483
17.509
17.601
17.582
17.580
17.553
17.548
17.676
17.682
17.531
17.637
17.654
17.699
17.650
17.689
17.579
17.563
17.580
17.554
17.586
17.801
17.630
17.722
17.678
17.749
17.686
17.606
17.648
17.569
17.518
17.498
17.574
17.585
17.683
17.512
17.571
17.549
17.528
17.522
17.598
17.416
17.529
17.496
17.587
17.397
17.548
17.251
17.379
17.469
17.563
17.347
17.416
17.365
17.458
17.216
17.288
17.454
17.255
17.357
17.181
17.204
17.201
17.252
17.225
17.245
17.274
17.184
17.092
17.253
17.165
17.212
17.123
17.119
17.065
17.094
17.208
17.103
17.103
17.047
17.271
17.194
17.354
17.146
17.293
17.251
17.197
17.252
17.220
17.157
17.166
17.187
17.169
17.225
17.138
17.170
17.231
17.295
17.325
17.199
17.303
17.139
17.325
17.317
17.199
17.307
17.309
17.327
17.305
17.314
17.332
17.304
17.351
17.361
17.438
17.522
17.541
17.510
17.558
17.540
17.534
17.557
17.580
17.686
17.604
17.684
17.701
17.726
17.740
17.849
17.703
17.806
17.802
17.893
17.806
17.876
17.999
17.832
18.103
17.882
17.874
17.915
17.994
18.009
18.135
18.101
18.012
18.048
18.030
18.131
18.068
18.215
18.127
18.183
18.006
18.174
17.971
18.160
18.113
18.029
18.074
18.163
18.170
18.225
18.052
18.207
18.094
18.008
18.154
18.223
18.107
18.164
18.055
18.147
18.088
18.086
18.145
18.043
17.923
18.017
18.009
17.969
17.793
17.920
17.835
17.944
17.955
17.971
17.879
17.831
17.899
17.884
17.607
17.785
17.684
17.765
17.757
17.668
17.613
17.786
17.594
17.554
17.518
17.489
17.574
17.606
17.663
17.518
17.422
17.460
17.465
17.264
17.433
17.483
17.344
17.484
17.412
17.264
17.398
17.430
17.257
17.196
17.302
17.127
17.214
17.099
17.095
17.226
17.179
17.103
17.236
17.063
17.099
17.061
17.109
17.149
17.022
17.044
16.948
16.883
16.859
17.082
17.040
16.985
17.059
17.019
17.021
16.984
17.040
16.969
16.996
17.021
16.988
17.069
17.010
16.971
17.106
17.065
17.036
17.084
17.059
17.104
17.118
17.083
17.111
17.060
17.199
17.169
17.267
17.145
17.169
17.244
17.275
17.287
17.314
17.381
17.338
17.331
17.341
17.423
17.407
17.400
17.450
17.488
17.411
17.447
17.522
17.439
17.469
17.464
17.506
17.473
17.621
17.590
17.540
17.469
17.523
17.548
17.572
17.610
17.619
17.634
17.581
17.605
17.650
17.591
17.629
17.755
17.670
17.691
17.719
17.721
17.746
17.604
17.609
17.750
17.698
17.746
17.577
17.705
17.701
17.694
17.779
17.692
17.806
17.655
17.565
17.537
17.658
17.715
17.618
17.608
17.676
17.566
17.505
17.618
17.446
17.365
17.597
17.460
17.670
17.653
17.549
17.570
17.509
17.471
17.509
17.355
17.461
17.412
17.448
17.429
17.338
17.327
17.474
17.412
17.351
17.430
17.337
17.362
17.423
17.295
17.358
17.277
17.277
17.346
17.176
17.442
17.092
17.306
17.228
17.273
17.215
17.215
17.151
17.177
17.286
17.261
17.076
17.257
17.271
17.426
17.162
17.159
17.199
17.208
17.153
17.163
17.182
17.086
17.188
17.363
17.197
17.130
17.249
17.244
17.125
17.219
17.279
17.326
17.214
17.309
17.292
17.393
17.185
17.332
17.359
17.483
17.294
17.333
17.376
17.552
17.333
17.412
17.455
17.493
17.612
17.497
17.611
17.372
17.632
17.463
17.573
17.564
17.569
17.602
17.654
17.651
17.702
17.646
17.740
17.681
17.627
17.679
17.696
17.787
17.745
17.766
17.854
17.942
17.814
17.888
17.950
17.834
17.832
17.936
17.823
17.917
17.857
17.882
17.862
17.984
17.935
17.875
17.971
17.938
17.921
17.884
17.925
17.989
17.854
18.020
17.905
18.061
17.920
17.991
17.924
17.930
17.838
17.976
17.959
17.876
17.957
17.897
17.885
17.878
17.872
17.872
17.870
17.858
17.794
17.756
17.938
17.679
17.802
17.760
17.767
17.915
17.754
17.761
17.737
17.752
17.637
17.705
17.726
17.689
17.731
17.665
17.534
17.584
17.581
17.645
17.474
17.453
17.427
17.496
17.438
17.331
17.352
17.351
17.293
17.438
17.402
17.265
17.454
17.252
17.309
17.198
17.251
17.171
17.249
17.209
17.188
17.034
17.203
17.186
17.283
17.122
17.153
17.285
17.115
17.068
17.123
17.061
17.130
17.050
17.142
17.000
17.144
17.095
17.092
17.189
17.190
17.126
16.990
17.121
17.089
17.175
17.107
17.211
17.170
17.160
17.168
17.193
17.304
17.228
17.188
17.171
17.196
17.242
17.261
17.221
17.346
17.331
17.307
17.338
17.327
17.318
17.385
17.355
17.413
17.378
17.387
17.489
17.465
17.449
17.513
17.468
17.566
17.525
17.573
17.635
17.603
17.481
17.500
17.562
17.626
17.571
17.515
17.599
17.654
17.605
17.681
17.722
17.682
17.812
17.636
17.775
17.589
17.682
17.669
17.760
17.670
17.798
17.774
17.537
17.748
17.677
17.823
17.720
17.881
17.771
17.670
17.826
17.651
17.795
17.797
17.490
17.731
17.783
17.799
17.785
17.730
17.768
17.819
17.708
17.630
17.734
17.808
17.712
17.673
17.710
17.753
17.812
17.705
17.772
17.666
17.744
17.814
17.687
17.539
17.591
17.530
17.524
17.657
17.687
17.679
17.540
17.583
17.513
17.511
17.458
17.542
17.553
17.539
17.427
17.486
17.496
17.551
17.480
17.485
17.496
17.326
17.347
17.427
17.295
17.317
17.361
17.299
17.377
17.235
17.317
17.278
17.318
17.279
17.287
17.431
17.272
17.356
17.196
17.357
17.307
17.262
17.255
17.183
17.256
17.263
17.271
17.332
17.335
17.322
17.296
17.333
17.331
17.323
17.352
17.303
17.436
17.247
17.343
17.324
17.534
17.521
17.520
17.421
17.413
17.322
17.348
17.275
17.338
17.400
17.369
17.479
17.315
17.399
17.493
17.353
17.433
17.527
17.502
17.439
17.424
17.381
17.464
17.486
17.529
17.483
17.608
17.511
17.483
17.527
17.542
17.663
17.595
17.625
17.560
17.660
17.678
17.701
17.657
17.580
17.716
17.630
17.685
17.518
17.709
17.757
17.702
17.556
17.672
17.711
17.629
17.680
17.876
17.755
17.766
17.656
17.815
17.726
17.706
17.766
17.781
17.792
17.698
17.765
17.741
17.712
17.887
17.745
17.703
17.657
17.769
17.779
17.609
17.759
17.693
17.775
17.572
17.589
17.657
17.669
17.737
17.669
17.698
17.489
17.557
17.558
17.523
17.517
17.711
17.517
17.542
17.487
17.402
17.604
17.570
17.429
17.483
17.510
17.527
17.455
17.349
17.491
17.446
17.419
17.413
17.300
17.401
17.332
17.346
17.279
17.298
17.164
17.210
17.339
17.222
17.351
17.199
17.296
17.228
17.250
17.260
17.133
17.299
17.203
17.188
17.150
17.369
17.270
17.184
17.214
17.279
17.223
17.149
17.247
17.234
17.218
17.222
17.161
17.213
17.149
17.185
17.127
17.203
17.256
17.176
17.207
17.279
17.300
17.210
17.358
17.282
17.360
17.304
17.148
17.334
17.291
17.367
17.277
17.370
17.379
17.363
17.313
17.451
17.355
17.360
17.583
17.460
17.605
17.521
17.489
17.620
17.501
17.541
17.619
17.669
17.581
17.659
17.621
17.593
17.651
17.772
17.604
17.730
17.575
17.727
17.729
17.770
17.721
17.829
17.816
17.804
17.782
17.704
17.792
17.714
17.798
17.774
17.943
17.925
17.646
17.946
17.734
17.702
17.729
17.926
17.685
17.967
17.842
17.969
17.758
17.997
17.806
17.901
17.735
18.026
17.827
17.885
17.960
17.870
17.949
17.758
17.887
17.754
17.955
17.696
17.927
17.930
17.815
17.786
17.789
17.908
17.771
17.783
17.735
17.659
17.999
17.812
17.858
17.742
17.715
17.664
17.651
17.775
17.717
17.705
17.810
17.654
17.735
17.621
17.623
17.591
17.665
17.655
17.430
17.619
17.618
17.539
17.536
17.605
17.502
17.452
17.622
17.507
17.612
17.489
17.524
17.433
17.518
17.362
17.474
17.420
17.442
17.465
17.298
17.368
17.401
17.452
17.449
17.317
17.284
17.269
17.364
17.348
17.329
17.356
17.401
17.420
17.376
17.407
17.417
17.429
17.427
17.618
17.483
17.476
17.363
17.477
17.215
17.450
17.300
17.152
17.120
17.365
17.365
17.384
17.348
17.400
17.393
17.367
17.296
17.411
17.365
17.327
17.397
17.513
17.279
17.303
17.436
17.425
17.442
17.404
17.389
17.445
17.454
17.505
17.472
17.481
17.464
17.504
17.431
17.559
17.510
17.482
17.529
17.493
17.355
17.577
17.614
17.611
17.708
17.365
17.737
17.695
17.580
17.614
17.701
17.641
17.612
17.509
17.374
17.687
17.560
17.343
17.555
17.734
17.335
17.715
17.710
17.648
17.703
17.612
17.616
17.444
17.622
17.591
17.565
17.610
17.659
17.532
17.441
17.673
17.532
17.607
17.548
17.560
17.562
17.562
17.607
17.531
17.681
17.451
17.473
17.589
17.679
17.708
17.658
17.530
17.412
17.506
17.634
17.463
17.563
17.674
17.483
17.487
17.561
17.620
17.539
17.707
17.494
17.396
17.557
17.521
17.592
17.499
17.453
17.348
17.527
17.424
17.501
17.549
17.316
17.473
17.263
17.324
17.461
17.395
17.380
17.297
17.307
17.305
17.329
17.389
17.336
17.243
17.485
17.426
17.423
17.416
17.461
17.287
17.438
17.360
17.392
17.441
17.389
17.442
17.345
17.444
17.287
17.413
17.380
17.501
17.434
17.552
17.578
17.556
17.437
17.463
17.507
17.522
17.633
17.528
17.465
17.635
17.606
17.524
17.481
17.535
17.547
17.651
17.639
17.703
17.542
17.663
17.696
17.696
17.639
17.642
17.786
17.653
17.789
17.774
17.679
17.778
17.638
17.845
17.853
17.809
17.911
17.966
17.802
17.911
17.888
17.968
17.890
17.854
18.020
17.881
17.875
17.915
17.918
17.845
17.904
18.022
17.661
17.905
17.824
18.061
17.853
17.812
17.963
18.014
18.092
17.923
18.064
18.131
17.980
18.061
18.293
18.240
18.193
18.015
17.836
17.900
17.868
18.095
18.159
17.914
18.225
17.917
18.211
17.942
17.878
18.410
17.864
18.137
17.687
17.895
17.831
17.966
17.956
17.821
18.142
17.814
17.778
18.048
17.845
17.947
18.034
17.852
17.925
17.882
18.040
17.908
17.661
17.815
17.607
17.856
17.901
17.821
17.820
17.654
17.811
17.719
17.918
17.848
17.649
17.829
17.617
17.582
17.673
17.666
17.703
17.607
17.643
17.548
17.665
17.710
17.698
17.665
17.592
17.421
17.596
17.608
17.427
17.483
17.423
17.432
17.398
17.446
17.450
17.344
17.429
17.450
17.459
17.514
17.346
17.462
17.343
17.415
17.479
17.623
17.318
17.361
17.424
17.418
17.366
17.479
17.443
17.382
17.350
17.375
17.491
17.377
17.422
17.455
17.330
17.489
17.446
17.372
17.505
17.426
17.303
17.348
17.422
17.399
17.350
17.319
17.430
17.429
17.350
17.389
17.285
17.350
17.401
17.489
17.343
17.395
17.509
17.406
17.439
17.507
17.514
17.303
17.359
17.483
17.447
17.303
17.457
17.448
17.521
17.415
17.494
17.455
17.421
17.497
17.537
17.497
17.447
17.481
17.393
17.336
17.538
17.466
17.573
17.610
17.480
17.610
17.492
17.480
17.664
17.563
17.565
17.548
17.765
17.486
17.663
17.628
17.557
17.512
17.422
17.519
17.481
17.524
17.621
17.606
17.677
17.714
17.658
17.643
17.753
17.492
17.408
17.783
17.643
17.406
17.536
17.703
17.588
17.676
17.319
17.476
17.403
17.553
17.515
17.702
17.516
17.267
17.499
17.654
17.589
17.393
17.604
17.502
17.264
17.431
17.466
17.310
17.475
17.410
17.513
17.533
17.493
17.505
17.502
17.557
17.569
17.553
17.465
17.524
17.529
17.525
17.513
17.400
17.305
17.444
17.525
17.600
17.393
17.487
17.386
17.527
17.482
17.561
17.589
17.432
17.671
17.577
17.464
17.554
17.527
17.521
17.492
17.648
17.573
17.632
17.482
17.717
17.721
17.665
17.660
17.677
17.734
17.615
17.504
17.595
17.684
17.695
17.790
17.642
17.673
17.712
17.781
17.869
17.809
17.798
17.827
17.935
17.830
17.905
17.870
18.024
17.908
17.786
17.839
17.913
17.802
18.095
17.842
17.913
17.984
17.873
18.035
18.088
17.942
18.078
17.959
17.919
18.082
18.042
18.156
18.047
18.094
18.000
18.100
18.033
17.903
18.076
17.993
18.149
18.095
18.211
18.008
18.079
18.115
18.025
18.143
18.094
18.035
17.983
18.066
18.150
18.126
18.109
18.111
18.189
18.225
18.166
18.048
18.097
18.123
18.176
18.199
18.108
18.045
18.180
18.099
18.280
18.007
18.013
18.042
18.047
18.073
18.157
18.123
18.174
18.000
17.950
18.000
17.990
18.078
17.948
17.817
17.811
17.962
17.886
17.936
17.785
17.996
17.890
17.686
17.802
17.968
17.986
17.709
17.899
18.005
17.953
17.876
17.833
17.769
17.740
17.802
17.870
17.553
17.704
17.773
17.733
17.652
17.520
17.584
17.543
17.558
17.629
17.641
17.539
17.558
17.574
17.603
17.488
17.353
17.482
17.472
17.453
17.453
17.446
17.573
17.304
17.468
17.470
17.361
17.324
17.368
17.368
17.434
17.383
17.353
17.249
17.330
17.290
17.254
17.281
17.311
17.313
17.270
17.253
17.330
17.226
17.290
17.280
17.230
17.311
17.228
17.354
17.273
17.259
17.228
17.360
17.157
17.261
17.327
17.332
17.286
17.244
17.230
17.388
17.281
17.329
17.291
17.230
17.205
17.243
17.267
17.225
17.332
17.451
17.327
17.264
17.387
17.398
17.516
17.196
17.305
17.181
17.259
17.379
17.291
17.288
17.447
17.308
17.273
17.421
17.405
17.379
17.410
17.423
17.357
17.355
17.264
17.424
17.349
17.448
17.441
17.156
17.377
17.530
17.315
17.354
17.371
17.401
17.518
17.593
17.509
17.341
17.459
17.382
17.612
17.542
17.360
17.480
17.490
17.472
17.413
17.397
17.434
17.446
17.379
17.422
17.459
17.461
17.410
17.468
17.667
17.387
17.326
17.465
17.336
17.397
17.479
17.304
17.434
17.539
17.503
17.387
17.456
17.578
17.448
17.488
17.478
17.527
17.394
17.633
17.503
17.418
17.513
17.503
17.515
17.483
17.521
17.434
17.339
17.509
17.521
17.437
17.433
17.455
17.363
17.471
17.318
17.408
17.497
17.518
17.492
17.457
17.573
17.338
17.563
17.520
17.531
17.560
17.553
17.557
17.588
17.500
17.531
17.538
17.448
17.583
17.592
17.598
17.572
17.550
17.511
17.733
17.612
17.606
17.651
17.689
17.601
17.669
17.639
17.666
17.658
17.669
17.716
17.750
17.726
17.760
17.734
17.760
17.762
17.803
17.831
17.766
17.899
17.848
17.841
17.814
17.734
17.855
17.855
17.897
17.829
17.924
17.956
17.899
17.903
17.971
17.895
18.048
18.003
18.021
18.044
18.033
18.027
18.094
18.001
18.055
18.076
18.108
18.143
18.096
18.075
18.073
18.097
18.103
18.084
18.141
18.157
18.143
18.219
18.124
18.122
18.053
18.059
18.170
18.029
18.066
18.121
18.144
18.206
18.071
18.245
18.135
18.093
18.195
18.119
17.929
18.028
17.979
18.012
17.987
18.048
18.157
18.164
18.106
18.081
18.125
18.097
18.036
18.050
18.036
17.824
18.002
17.840
18.040
17.946
17.783
17.921
17.823
17.939
17.839
17.995
17.785
17.826
17.821
17.768
17.794
17.895
17.655
17.690
17.684
17.766
17.610
17.689
17.690
17.639
17.672
17.747
17.508
17.653
17.565
17.666
17.520
17.435
17.356
17.451
17.368
17.385
17.344
17.402
17.416
17.279
17.264
17.347
17.259
17.307
17.267
17.242
17.283
17.216
17.261
17.204
17.246
17.160
17.137
17.082
17.167
17.241
17.163
17.138
17.181
17.202
17.170
17.181
17.075
17.163
17.234
17.145
17.077
17.066
17.193
17.174
17.176
17.027
17.167
17.181
17.122
17.097
17.130
17.208
17.038
17.078
17.317
17.091
17.379
17.119
17.090
17.303
17.102
17.275
17.272
17.375
17.141
17.148
17.344
17.349
17.244
17.264
17.225
17.146
17.223
17.206
17.256
17.340
17.253
17.233
17.169
17.299
17.181
17.251
17.214
17.222
17.298
17.268
17.414
17.376
17.345
17.285
17.375
17.364
17.326
17.330
17.421
17.300
17.299
17.254
17.401
17.418
17.221
17.376
17.499
17.556
17.498
17.352
17.390
17.397
17.489
17.423
17.458
17.484
17.417
17.446
17.511
17.367
17.466
17.496
17.533
17.478
17.619
17.472
17.420
17.549
17.474
17.727
17.485
17.535
17.452
17.608
17.618
17.461
17.469
17.422
17.420
17.527
17.504
17.512
17.392
17.406
17.596
17.389
17.484
17.400
17.579
17.385
17.546
17.591
17.386
17.557
17.355
17.473
17.397
17.368
17.359
17.566
17.405
17.379
17.511
17.583
17.554
17.469
17.337
17.531
17.427
17.597
17.402
17.570
17.445
17.434
17.657
17.497
17.589
17.427
17.589
17.513
17.514
17.569
17.609
17.725
17.395
17.708
17.367
17.633
17.563
17.534
17.441
17.676
17.617
17.566
17.642
17.724
17.575
17.650
17.689
17.638
17.616
17.588
17.586
17.713
17.819
17.794
17.909
17.727
17.886
17.878
17.816
17.762
17.980
17.914
17.895
17.827
17.803
17.868
17.909
17.956
17.852
17.959
17.983
17.962
17.971
17.962
18.054
18.025
18.016
17.882
18.057
18.040
18.154
18.040
18.065
18.147
18.095
18.131
18.126
18.164
18.216
18.188
18.133
18.221
18.152
18.275
18.123
18.100
18.196
18.208
18.181
18.258
18.131
18.183
18.179
18.199
18.176
18.265
18.240
18.180
18.100
18.172
18.284
18.218
18.202
18.130
18.241
18.254
18.182
18.223
18.278
18.153
18.048
18.156
18.069
18.015
18.120
18.120
18.051
17.965
18.035
17.960
17.976
17.978
17.921
18.010
17.768
17.931
18.004
17.829
17.826
17.791
17.654
17.836
17.817
17.564
17.703
17.752
17.692
17.581
17.545
17.577
17.533
17.573
17.533
17.547
17.497
17.434
17.505
17.458
17.438
17.436
17.160
17.296
17.398
17.177
17.327
17.238
17.336
17.206
17.077
17.251
17.162
17.049
17.131
17.107
17.035
17.236
17.202
17.162
17.030
17.096
16.991
17.140
17.121
16.906
17.145
17.197
17.042
16.959
16.970
17.077
17.027
17.060
16.986
17.097
17.012
16.983
16.924
16.968
16.970
17.132
17.053
17.188
17.161
17.060
17.143
17.083
17.190
17.029
17.254
17.103
17.158
17.168
17.148
17.111
16.995
17.180
17.267
17.328
17.128
17.101
17.136
17.308
17.273
17.218
17.182
17.371
17.262
17.239
17.316
17.406
17.444
17.344
17.327
17.339
17.391
17.249
17.369
17.264
17.318
17.450
17.351
17.342
17.392
17.447
17.427
17.473
17.463
17.550
17.572
17.423
17.638
17.513
17.586
17.453
17.618
17.514
17.440
17.317
17.516
17.528
17.506
17.425
17.587
17.440
17.459
17.627
17.464
17.403
17.580
17.558
17.611
17.591
17.636
17.452
17.646
17.528
17.529
17.546
17.593
17.668
17.555
17.610
17.472
17.465
17.464
17.517
17.531
17.465
17.463
17.596
17.641
17.717
17.628
17.517
17.540
17.454
17.494
17.346
17.536
17.632
17.609
17.513
17.450
17.545
17.396
17.459
17.562
17.570
17.544
17.496
17.546
17.549
17.508
17.380
17.488
17.468
17.357
17.483
17.590
17.429
17.663
17.625
17.394
17.521
17.502
17.558
17.496
17.404
17.538
17.543
17.438
17.592
17.517
17.632
17.658
17.554
17.613
17.576
17.585
17.616
17.529
17.810
17.709
17.595
17.772
17.657
17.486
17.827
17.634
17.749
17.744
17.858
17.742
17.825
17.827
17.780
17.929
17.782
17.862
17.798
18.113
17.888
17.990
17.988
18.032
17.935
18.034
17.983
17.993
18.089
18.101
17.984
18.045
18.127
18.101
18.134
18.069
18.005
18.193
18.212
18.241
18.206
18.222
18.182
18.219
18.347
18.190
18.232
18.214
18.266
18.402
18.303
18.263
18.368
18.228
18.529
18.446
18.174
18.274
18.184
18.311
18.286
18.244
18.300
18.301
18.346
18.343
18.308
18.284
18.175
18.170
18.256
18.298
18.279
18.190
18.150
17.991
18.229
18.279
18.112
18.052
18.081
18.123
18.055
18.171
17.944
17.873
18.098
17.934
17.882
18.007
17.853
17.910
17.974
17.820
17.804
17.833
17.900
17.927
17.804
17.769
17.848
17.787
17.640
17.631
17.667
17.562
17.650
17.610
17.602
17.340
17.470
17.528
17.382
17.486
17.573
17.488
17.422
17.425
17.335
17.196
17.252
17.255
17.313
17.183
17.077
17.326
17.125
17.208
17.325
17.271
17.047
17.153
17.191
16.997
17.047
17.023
17.122
17.030
17.047
17.008
16.877
16.997
17.101
17.107
16.931
17.054
17.008
17.186
16.840
16.930
16.920
17.023
17.077
17.067
16.970
17.150
17.174
17.018
17.091
17.055
17.107
17.101
17.115
16.992
17.063
17.137
16.985
17.073
17.196
17.083
17.125
17.211
17.311
17.171
17.266
17.229
17.215
17.250
17.268
17.319
17.395
17.371
17.336
17.308
17.357
17.319
17.337
17.334
17.303
17.433
17.413
17.424
17.470
17.429
17.428
17.369
17.413
17.460
17.417
17.426
17.511
17.456
17.437
17.525
17.537
17.497
17.488
17.655
17.364
17.472
17.588
17.543
17.566
17.570
17.757
17.551
17.575
17.560
17.537
17.597
17.596
17.645
17.804
17.553
17.446
17.664
17.677
17.498
17.669
17.411
17.397
17.372
17.672
17.388
17.663
17.693
17.280
17.438
17.465
17.533
17.427
17.743
17.681
17.469
17.657
17.322
17.625
17.351
17.400
17.433
17.473
17.399
17.587
17.552
17.311
17.389
17.508
17.390
17.283
17.325
17.320
17.594
17.455
17.511
17.560
17.595
17.354
17.366
17.501
17.316
17.447
17.317
17.323
17.514
17.338
17.318
17.367
17.388
17.396
17.562
17.539
17.327
17.547
17.182
17.410
17.422
17.439
17.748
17.531
17.427
17.369
17.583
17.515
17.492
17.430
17.474
17.599
17.699
17.629
17.634
17.589
17.551
17.607
17.541
17.739
17.629
17.710
17.705
17.925
17.724
17.863
17.877
17.927
17.816
17.812
17.872
17.856
17.964
17.999
18.023
17.930
17.829
17.839
18.148
17.960
18.014
18.033
18.096
18.038
17.974
18.060
18.226
18.100
18.119
18.079
18.184
18.024
18.142
18.140
18.136
18.160
18.299
18.182
18.132
18.298
18.289
18.259
18.207
18.192
18.315
18.264
18.307
18.292
18.322
18.356
18.278
18.347
18.198
18.315
18.260
18.321
18.336
18.267
18.254
18.224
18.259
18.293
18.188
18.119
18.267
18.114
18.054
18.308
18.197
18.060
18.102
17.969
18.010
18.130
17.988
17.952
17.984
17.984
18.216
17.874
18.002
17.805
17.935
17.732
17.697
17.782
17.663
17.752
17.677
17.809
17.656
17.547
17.657
17.770
17.553
17.688
17.546
17.485
17.630
17.430
17.382
17.589
17.392
17.424
17.384
17.423
17.296
17.330
17.181
17.259
17.211
17.370
17.110
17.121
17.206
17.187
17.204
17.213
17.059
17.002
17.041
17.164
17.066
17.124
17.055
17.247
17.133
17.060
17.098
17.094
17.051
17.004
16.946
17.163
17.119
17.202
17.119
17.051
17.280
17.124
17.140
17.001
17.099
16.933
17.174
17.012
17.125
17.205
16.866
17.210
17.076
17.162
17.160
17.061
17.296
17.106
17.183
17.397
17.171
17.285
17.287
17.174
17.420
17.450
17.396
17.117
17.287
17.152
17.355
17.462
17.404
17.402
17.411
17.333
17.364
17.496
17.391
17.467
17.474
17.443
17.595
17.441
17.522
17.364
17.579
17.459
17.530
17.562
17.512
17.549
17.463
17.603
17.588
17.429
17.455
17.577
17.585
17.548
17.600
17.614
17.555
17.610
17.649
17.593
17.717
17.614
17.593
17.659
17.774
17.672
17.567
17.590
17.656
17.646
17.745
17.460
17.633
17.779
17.827
17.470
17.628
17.576
17.530
17.561
17.661
17.679
17.548
17.647
17.547
17.513
17.591
17.518
17.584
17.599
17.398
17.655
17.467
17.619
17.575
17.506
17.523
17.487
17.543
17.396
17.444
17.475
17.338
17.414
17.433
17.325
17.404
17.445
17.371
17.301
17.404
17.361
17.442
17.355
17.585
17.400
17.389
17.379
17.387
17.359
17.327
17.467
17.352
17.537
17.396
17.425
17.468
17.286
17.437
17.556
17.462
17.353
17.448
17.439
17.409
17.473
17.492
17.526
17.520
17.555
17.588
17.621
17.354
17.687
17.801
17.637
17.729
17.878
17.609
17.737
17.739
17.698
17.713
17.733
17.745
17.564
17.876
17.757
17.889
17.905
17.816
17.940
17.903
17.905
18.009
17.967
18.013
17.865
17.919
18.049
18.063
18.006
18.119
18.193
18.094
18.043
18.307
18.236
18.105
18.231
18.171
18.151
18.310
18.275
18.054
18.236
18.332
18.123
18.159
18.270
18.256
18.230
18.305
18.339
18.249
18.275
18.261
18.498
18.385
18.503
18.216
18.428
18.278
18.237
18.381
18.243
18.508
18.321
18.162
18.288
18.291
18.286
18.324
18.278
18.399
18.077
18.263
18.250
18.155
18.195
18.263
18.119
18.122
18.016
18.131
18.094
18.064
18.112
17.903
18.059
18.169
17.882
17.620
18.011
17.749
17.853
17.908
17.812
17.747
17.807
17.660
17.566
17.637
17.646
17.543
17.594
17.529
17.411
17.604
17.527
17.415
17.326
17.424
17.476
17.322
17.324
17.308
17.339
17.336
17.341
17.271
17.384
17.256
17.251
17.136
17.014
16.987
16.987
17.186
17.140
17.113
16.909
17.060
17.164
17.136
16.944
17.028
17.005
16.911
16.987
17.067
16.948
17.006
17.015
16.938
16.960
17.023
16.874
16.960
16.814
16.892
17.126
17.073
16.982
16.904
16.975
17.013
16.989
17.007
17.017
17.028
16.992
17.062
17.000
17.009
17.001
17.225
17.189
17.243
17.228
17.160
17.053
17.173
17.253
17.214
17.260
17.160
17.201
17.100
17.285
17.202
17.395
17.368
17.255
17.350
17.327
17.355
17.365
17.439
17.454
17.605
17.441
17.519
17.453
17.545
17.517
17.509
17.575
17.564
17.683
17.382
17.430
17.662
17.494
17.576
17.571
17.556
17.638
17.748
17.707
17.556
17.732
17.578
17.809
17.632
17.618
17.727
17.517
17.454
17.663
17.572
17.652
17.671
17.509
17.533
17.502
17.556
17.530
17.577
17.628
17.790
17.500
17.537
17.795
17.566
17.755
17.704
17.591
17.574
17.562
17.607
17.580
17.583
17.673
17.585
17.384
17.491
17.494
17.408
17.491
17.529
17.431
17.526
17.365
17.518
17.445
17.550
17.519
17.493
17.424
17.535
17.469
17.513
17.506
17.238
17.415
17.197
17.330
17.195
17.325
17.354
17.356
17.403
17.260
17.339
17.320
17.224
17.118
17.405
17.360
17.369
17.423
17.588
17.487
17.368
17.153
17.302
17.236
17.359
17.352
17.496
17.435
17.357
17.371
17.478
17.572
17.517
17.259
17.638
17.414
17.466
17.605
17.439
17.458
17.499
17.438
17.488
17.464
17.534
17.434
17.650
17.567
17.582
17.572
17.520
17.778
17.730
17.779
17.746
17.793
17.762
17.783
17.878
17.774
17.942
17.910
17.824
17.977
17.872
17.998
18.031
18.191
18.040
18.114
18.143
18.053
18.043
18.107
18.119
17.989
18.268
17.989
18.089
18.082
18.003
18.209
18.088
18.116
18.240
18.124
18.220
18.110
18.243
18.311
18.289
18.296
18.230
18.362
18.373
18.146
18.126
18.147
18.317
18.026
18.121
18.238
18.075
18.167
18.295
18.265
18.206
18.141
18.156
18.382
18.160
18.190
17.870
18.095
18.156
17.942
18.039
17.902
18.071
17.985
18.029
17.976
17.793
17.676
17.846
17.750
17.721
17.858
17.781
17.643
17.591
17.724
17.623
17.441
