19.2472
19.3296
19.5979
19.8802
19.9297
19.7000
19.9877
20.2442
20.8704
21.2040
21.2975
21.2919
21.3137
21.3095
21.3235
21.1899
21.1927
21.1674
21.2441
21.2736
21.2413
21.1970
21.2131
21.4197
21.4498
21.5710
21.6543
21.7311
21.7437
21.7080
21.7584
21.7702
21.8128
21.8002
21.7862
21.8093
21.8602
21.8811
21.8498
21.8260
21.8281
21.8121
21.7904
21.8219
21.8239
21.8372
21.8490
21.8560
21.8525
21.8623
21.8776
21.8944
21.9180
21.9264
21.9361
21.9445
21.9661
21.9654
21.9925
21.9772
21.9786
21.9459
21.9264
21.9243
21.9403
21.9521
21.9709
21.9800
21.9953
22.0099
22.0294
22.0489
22.0885
22.1177
22.1322
22.2100
22.2329
22.2398
22.3112
22.4641
22.4945
22.4821
22.4765
22.4468
22.4267
22.4192
22.4171
22.4129
22.4129
22.4143
22.4198
22.4240
22.4316
22.4343
22.4440
22.4357
22.4032
22.4005
22.4212
22.4448
22.4896
22.5394
22.5904
22.6215
22.5829
22.5608
22.5159
22.4267
22.3777
22.4040
22.4420
22.4703
22.4924
22.5249
22.5850
22.6533
22.6663
22.6966
22.7566
22.8233
22.8783
22.9079
22.9429
22.9642
22.9937
23.0444
23.0506
23.0677
23.0821
23.1013
23.0992
23.1136
23.1219
23.1191
23.1225
23.1259
23.1273
23.1273
23.1342
23.1438
23.1588
23.1677
23.1629
23.1684
23.1684
23.1691
23.1698
23.1807
23.1848
23.1828
