  24.17
  24.04
  23.23
  22.40
  22.78
  23.33
  23.55
  23.69
  24.77
  24.85
  24.63
  24.47
  23.26
  22.37
  22.42
  22.50
  22.52
  22.55
  22.52
  22.29
  22.13
  21.92
  21.96
  22.33
  22.29
  22.55
  22.52
  22.60
  22.60
  22.63
  22.62
  22.60
  22.56
  22.46
  22.35
  22.20
  22.14
  22.04
  22.02
  21.94
  21.92
  21.91
  21.92
  21.92
  21.94
  21.94
  21.97
  21.99
  21.99
  22.04
  22.07
  22.08
  22.12
  22.12
  22.13
  22.16
  22.22
  22.29
  22.27
  22.25
  22.27
  22.29
  22.35
  22.29
  22.29
  22.36
  22.42
  22.40
  22.42
  22.40
  22.40
  22.46
  22.48
  22.49
  22.49
  22.49
  22.50
  22.51
  22.56
  22.56
  22.58
  22.58
  22.63
  22.63
  22.64
  22.65
  22.81
  22.70
  22.70
  22.78
  22.74
  22.80
  22.87
  22.98
  23.01
  23.03
  22.94
  22.87
  22.87
  22.93
  22.98
  23.03
  23.11
  23.17
  23.35
  23.36
  23.36
  23.35
  23.36
  23.36
  23.36
  23.38
  23.38
  23.38
  23.38
  23.39
  23.38
  23.38
  23.38
  23.41
  23.41
  23.42
  23.29
  23.27
  23.27
  23.31
  23.31
  23.31
  23.32
  23.31
  23.31
  23.32
  23.33
  23.33
  23.33
  23.36
  23.38
  23.36
  23.38
  23.38
  23.38
  23.41
  23.41
  23.41
  23.44
  23.49
  23.46
  23.46
  23.49
  23.51
  23.51
  23.51
  23.51
  23.51
  23.51
  23.51
  23.51
  23.52
  23.53
  23.53
  23.53
  23.56
  23.55
  23.53
  23.53
  23.53
  23.53
  23.56
  23.58
  23.64
  23.71
  23.71
  23.81
  23.83
  23.85
  23.83
  23.83
  23.83
  23.83
  23.76
  23.75
  23.74
  23.71
  23.71
  23.71
  23.69
  23.69
  23.66
  23.66
  23.66
  23.64
  23.64
  23.58
  23.46
  23.44
  23.38
  23.42
  23.42
  23.44
  23.46
  23.46
  23.44
  23.21
  23.10
  22.89
  22.78
  22.74
  22.72
  22.72
  22.75
  22.78
  22.80
  22.80
  22.80
  22.80
  22.80
  22.80
  22.80
  22.83
  22.84
  22.85
  22.85
  22.81
  22.78
  22.62
  22.58
  22.58
  22.58
  22.52
  22.48
  22.48
  22.36
  22.35
  22.29
  22.29
  22.29
  22.23
  22.17
  22.14
  21.85
  21.55
  19.56
  19.43
  19.40
  19.40
  19.38
  19.43
  19.43
  19.45
  19.45
  19.50
  19.54
  19.62
  19.73
  19.86
  20.13
  20.39
  20.64
  21.00
  21.45
  21.85
  22.02
  22.31
  22.54
  22.70
  22.70
  22.81
  22.86
  22.93
  23.08
  22.25
  21.94
  21.73
  21.61
  21.49
  21.41
  21.40
  21.41
  21.34
  21.31
  21.29
  21.29
  21.27
  21.22
  21.20
  21.12
  21.06
  20.97
  20.95
  20.91
  20.82
  20.72
  20.04
  19.88
  19.78
  19.66
  19.61
  19.55
  19.54
  19.49
  19.46
  19.45
  19.47
  19.47
  19.47
  19.47
  19.47
  19.49
  19.49
  19.50
  19.50
  19.52
  19.53
  19.57
  19.63
  19.66
  19.71
  19.73
  19.74
  19.85
  19.99
  20.04
  20.13
  20.13
  20.24
  20.38
  20.54
  20.62
  20.75
  20.57
  20.52
  20.54
  20.62
  20.80
  20.81
  20.64
  20.41
  20.41
  20.40
  20.60
  20.59
  20.55
  20.43
  20.37
  20.33
  20.32
  20.30
  20.28
  20.20
  20.16
  20.10
  20.06
  20.06
  20.00
  20.04
  20.07
  20.09
  20.06
  20.10
  20.08
  20.17
  20.23
  20.17
  20.20
  20.23
  20.31
  20.39
  20.44
  20.60
  20.50
  20.57
  20.63
  20.81
  20.83
  20.86
  20.93
  20.95
  20.97
  20.97
  21.00
  21.00
  21.07
  21.07
  21.09
  21.10
  21.11
  21.11
  21.13
  21.16
  21.20
  21.19
  21.12
  21.15
  21.16
  21.13
  21.13
  21.15
  21.16
  21.15
  21.15
  21.16
  21.15
  21.19
  21.20
  21.25
  21.21
  21.22
  21.22
  21.22
  21.22
  21.20
  21.17
  21.16
  21.16
  21.15
  21.17
  21.17
  21.20
  21.22
  21.21
  21.25
  21.25
  21.26
  21.31
  21.35
  21.42
  21.49
  21.45
  21.49
  21.54
  21.51
  21.55
  21.51
  21.52
  21.58
  21.56
  21.69
  21.78
  21.85
  21.87
  21.92
  21.96
  22.03
  22.07
  22.08
  22.11
  22.14
  22.20
  22.21
  22.25
  22.25
  22.27
  22.33
  22.37
  22.49
  22.50
  22.49
  22.49
  22.50
  22.52
  22.52
  22.58
  22.58
  22.63
  22.63
  22.63
  22.65
  22.65
  22.68
  22.75
  22.75
  22.72
  22.72
  22.72
  22.72
  22.70
  22.70
  22.70
  22.68
  22.68
  22.68
  22.68
  22.68
  22.68
  22.65
  22.65
  22.65
  22.64
  22.58
  22.52
  22.50
  22.50
  22.37
  22.33
  22.36
  22.40
  22.48
  22.46
  22.48
  22.52
  22.58
  22.58
  22.58
  22.60
  22.63
  22.62
  22.62
  22.62
  22.65
  22.69
  22.75
  22.77
  22.78
  22.78
  22.78
  22.75
  22.75
  22.68
  21.89
  21.82
  21.71
  21.67
  21.67
  21.63
  21.62
  21.56
  21.51
  21.49
  21.45
  21.41
  21.41
  21.36
  21.34
  21.32
  21.29
  21.26
  21.24
  21.15
  21.12
  20.91
  20.39
  20.39
  20.42
  20.41
  20.40
  20.47
  20.87
  20.69
  20.66
  20.77
  20.89
  21.17
  21.22
  21.24
  21.30
  21.55
  21.65
  21.71
  21.89
  21.92
  22.02
  22.07
  22.07
  22.19
  22.37
  22.35
  22.40
  22.42
  22.40
  21.78
  21.45
  21.11
  20.91
  20.81
  20.73
  20.68
  20.68
  20.66
  20.55
  20.51
  20.38
  20.18
  20.16
  20.16
  20.20
  20.26
  20.35
  20.39
  20.49
  20.53
  20.59
  20.70
  20.85
  21.36
  21.54
  21.56
  21.77
  21.73
  21.73
  21.55
  21.68
  21.84
  21.89
  21.74
  21.70
  21.69
  21.82
  21.89
  22.11
  22.11
  22.29
  22.17
  22.02
  22.12
  22.20
  22.33
  22.37
  22.42
  22.50
  22.60
  22.62
  22.64
  22.68
  22.75
  22.75
  22.78
  22.78
  22.78
  22.77
  22.70
  22.63
  22.62
  22.58
  22.60
  22.52
  22.46
  22.48
  22.45
  22.40
  22.40
  22.40
  22.48
  22.48
  22.49
  22.52
  22.56
  22.65
  22.68
  22.68
  22.64
  22.63
  22.78
  22.78
  22.74
  22.70
  22.63
  22.62
  22.60
  22.60
  22.58
  22.58
  22.60
  22.63
  22.66
  22.72
  22.92
  22.87
  22.75
  22.89
  22.92
  22.93
  22.98
  23.11
  23.11
  23.13
  23.16
  23.13
  23.14
  23.13
  23.18
  23.16
  23.23
  23.31
  23.33
  23.33
  23.31
  23.31
  23.31
  23.31
  23.31
  23.33
  23.33
  23.41
  23.42
  23.43
  23.46
  23.51
  23.53
  23.53
  23.55
  23.58
  23.58
  23.61
  23.61
  23.64
  23.63
  23.64
  23.69
  23.66
  23.66
  23.69
  23.70
  23.71
  23.71
  23.74
  23.75
  23.76
  23.76
  23.80
  23.81
  23.81
  23.83
  23.83
  23.85
  23.83
  23.76
  23.74
  23.71
  23.71
  23.71
  23.71
  23.71
  23.71
  23.71
  23.74
  23.74
  23.76
  23.76
  23.76
  23.76
  23.76
  23.76
  23.79
  23.79
  23.79
  23.81
  23.81
  23.81
  23.81
  23.79
  23.79
  23.74
  23.74
  23.74
  23.74
  23.74
  23.76
  23.76
  23.79
  23.76
  23.79
  23.79
  23.79
  23.79
  23.76
  23.74
  23.61
  23.49
  23.36
  23.31
  23.20
  23.16
  23.16
  23.13
  23.11
  23.06
  23.08
  23.01
  22.98
  22.95
  22.93
  22.87
  22.87
  22.85
  22.81
  22.78
  22.66
  22.55
  22.52
  22.45
  22.45
  22.43
  22.41
  22.36
  22.33
  22.23
  22.17
  22.12
  22.11
  22.07
  21.99
  21.96
  21.92
  21.94
  21.92
  21.92
  21.93
  21.96
  21.96
  21.92
  21.98
  22.04
  22.03
  22.06
  22.04
  22.07
  22.07
  22.04
  22.02
  21.87
  21.82
  21.69
  21.65
  21.61
  21.49
  21.26
  21.22
  21.17
  21.17
  21.16
  21.13
  21.11
  21.11
  21.13
  21.10
  21.10
  21.10
  21.09
  21.12
  21.15
  21.19
  21.31
  21.40
  21.52
  21.52
  21.61
  21.68
  21.79
  21.87
  21.94
  22.06
  22.10
  22.16
  22.22
  22.42
  22.50
  22.50
  22.52
  22.85
  23.08
  23.08
  23.13
  23.13
  23.16
  22.93
  22.63
  22.60
  22.58
  22.58
  22.55
  22.50
  22.33
  21.94
  21.81
  21.68
  21.55
  21.41
  21.37
  21.29
  21.29
  21.27
  21.26
  21.25
  21.25
  21.24
  21.21
  21.25
  21.26
  21.25
  21.27
  21.27
  21.30
  21.32
  21.37
  21.45
  21.52
  21.63
  21.87
  21.84
  21.92
  21.69
  21.78
  21.76
  21.76
  21.76
  21.74
  21.79
  21.82
  21.83
  21.98
  22.28
  22.27
  22.29
  22.29
  22.33
  22.36
  22.49
  22.40
  22.33
  22.33
  22.33
  22.37
  22.37
  22.39
  22.45
  22.45
  22.42
  22.37
  22.33
  22.33
  22.29
  22.31
  22.31
  22.31
  22.34
  22.37
  22.48
  22.50
  22.54
  22.51
  22.50
  22.72
  22.71
  22.70
  22.78
  22.80
  22.79
  22.78
  22.77
  22.74
  22.75
  22.75
  22.48
  22.45
  22.40
  22.40
  22.36
  22.36
  22.34
  22.33
  22.33
  22.35
  22.35
  22.39
  22.40
  22.42
  22.48
  22.48
  22.48
  22.52
  22.65
  22.62
  22.78
  22.80
  22.83
  22.84
  22.83
  22.89
  22.89
  22.95
  22.97
  22.98
  22.99
  22.99
  23.03
  23.06
  23.06
  23.06
  23.10
  23.11
  23.11
  23.11
  23.08
  23.11
  23.13
  23.26
  23.26
  23.29
  23.31
  23.31
  23.32
  23.33
  23.33
  23.36
  23.36
  23.38
  23.41
  23.42
  23.43
  23.43
  23.49
  23.51
  23.52
  23.56
  23.56
  23.58
  23.58
  23.64
  23.66
  23.69
  23.76
  23.74
  23.74
  23.72
  23.76
  23.76
  23.76
  23.76
  23.74
  23.74
  23.75
  23.76
  23.76
  23.79
  23.76
  23.76
  23.76
  23.79
  23.76
  23.74
  23.71
  23.71
  23.70
  23.70
  23.69
  23.69
  23.68
  23.69
  23.66
  23.66
  23.65
  23.64
  23.61
  23.61
  23.61
  23.61
  23.61
  23.61
  23.61
  23.58
  23.57
  23.58
  23.58
  23.57
  23.56
  23.57
  23.57
  23.57
  23.57
  23.57
  23.56
  23.57
  23.57
  23.58
  23.57
  23.56
  23.56
  23.56
  23.53
  23.49
  23.46
  23.39
  23.35
  23.33
  23.31
  23.18
  22.93
  22.83
  22.69
  22.60
  22.52
  22.45
  22.25
  22.12
  21.96
  21.87
  21.87
  21.87
  21.85
  21.87
  21.87
  21.87
  21.87
  21.87
  21.92
  21.93
  21.94
  22.10
  22.12
  22.25
  22.25
  22.40
  22.48
  22.59
  22.63
  22.77
  22.78
  22.80
  22.85
  22.85
  22.87
  22.87
  22.55
  22.33
  22.17
  22.08
  22.06
  22.07
  21.99
  21.96
  22.02
  21.97
  21.97
  21.97
  22.03
  22.14
  22.21
  22.22
  22.23
  22.25
  22.39
  22.48
  22.48
  22.52
  22.62
  22.68
  22.80
  22.86
  22.93
  22.95
  23.11
  23.18
  23.17
  23.16
  23.23
  23.29
  23.27
  23.27
  23.29
  23.29
  23.29
  23.28
  23.23
  23.21
  23.21
  23.21
  23.20
  23.16
  23.14
  23.13
  23.08
  23.06
  23.06
  23.01
  23.00
  22.95
  22.75
  22.45
  22.33
  22.14
  22.08
  22.10
  22.10
  22.10
  22.14
  22.23
  22.22
  22.25
  22.27
  22.22
  22.25
  22.26
  22.31
  22.35
  22.40
  22.45
  22.48
  22.48
  22.60
  22.65
  22.70
  22.75
  22.83
  22.83
  22.80
  22.91
  22.98
  23.03
  23.08
  23.14
  23.18
  23.18
  23.21
  23.21
  23.21
  23.21
  23.27
  23.29
  23.31
  23.33
  23.33
  23.36
  23.36
  23.41
  23.44
  23.46
  23.47
  23.50
  23.49
  23.49
  23.46
  23.46
  23.47
  23.49
  23.51
  23.51
  23.51
  23.51
  23.51
  23.51
  23.51
  23.51
  23.52
  23.58
  23.57
  23.57
  23.58
  23.58
  23.58
  23.66
  23.66
  23.66
  23.64
  23.64
  23.64
  23.66
  23.66
  23.66
  23.64
  23.66
  23.65
  23.64
  23.64
  23.65
  23.53
  23.51
  23.46
  23.42
  23.41
  23.41
  23.35
  23.32
  23.31
  23.31
  23.31
  23.31
  23.28
  23.28
  23.28
  23.27
  23.27
  23.28
  23.28
  23.31
  23.31
  23.32
  23.33
  23.32
  23.33
  23.38
  23.38
  23.36
  23.36
  23.36
  23.39
  23.41
  23.42
  23.42
  23.43
  23.43
  23.46
  23.49
  23.49
  23.58
  23.61
  23.64
  23.64
  23.64
  23.66
  23.66
  23.66
  23.68
  23.69
  23.69
  23.70
  23.71
  23.74
  23.74
  23.76
  23.79
  23.81
  23.81
  23.83
  23.83
  23.83
  23.83
  23.83
  23.83
  23.83
  23.83
  23.83
  23.83
  23.83
  23.83
  23.83
  23.83
  23.83
  23.83
  23.83
  23.83
  23.83
  23.83
  23.83
  23.83
  23.83
  23.83
  23.83
  23.83
  23.83
  23.83
  23.83
  23.83
  23.83
  23.83
  23.83
  23.85
  23.85
  23.84
  23.85
  23.83
  23.81
  23.81
  23.81
  23.79
  23.76
  23.74
  23.74
  23.74
  23.74
  23.76
  23.79
  23.81
  23.81
  23.83
  23.83
  23.83
  23.81
  23.79
  23.76
  23.72
  23.69
  23.66
  23.64
  23.61
  23.61
  23.58
  23.61
  23.61
  23.61
  23.64
  23.66
  23.66
  23.66
  23.66
  23.66
  23.66
  23.66
  23.33
  23.16
  23.08
  23.06
  23.06
  23.03
  22.95
  22.83
  22.78
  22.72
  22.65
  22.55
  22.55
  22.54
  22.50
  22.50
  22.48
  22.45
  22.42
  22.40
  22.42
  22.42
  22.35
  22.21
  22.14
  22.08
  22.03
  21.96
  21.48
  21.34
  21.26
  21.37
  21.42
  21.46
  21.55
  21.67
  21.84
  21.99
  22.04
  22.12
  22.27
  22.27
  22.29
  22.49
  22.65
  22.83
  22.89
  23.00
  23.08
  23.14
  23.18
  23.21
  23.23
  23.28
  23.31
  23.36
  23.46
  23.49
  23.66
  23.70
  23.69
  23.69
  23.74
  23.81
  23.83
  23.83
  23.83
  23.83
  23.80
  23.74
  23.66
  23.64
  23.66
  23.68
  23.71
  23.68
  23.66
  23.69
  23.71
  23.71
  23.58
  23.18
  23.12
  23.16
  23.13
  23.23
  23.31
  23.28
  23.58
  23.32
  23.33
  23.38
  23.36
  23.39
  23.39
  23.42
  23.42
  23.39
  23.44
  23.46
  23.42
  23.44
  23.52
  23.58
  23.69
  23.71
  23.76
  23.84
  23.84
  23.85
  23.85
  23.85
  23.83
  23.81
  23.81
  23.83
  23.86
  23.86
  23.84
  23.85
  23.83
  23.83
  23.81
  23.81
  23.81
  23.81
  23.81
  23.81
  23.81
  23.81
  23.83
  23.83
  23.83
  23.81
  23.81
  23.81
  23.81
  23.81
  23.81
  23.81
  23.81
  23.81
  23.83
  23.81
  23.81
  23.81
  23.81
  23.83
  23.83
  23.83
  23.83
  23.85
  23.85
  23.84
  23.84
  23.86
  23.86
  23.89
  23.91
  23.91
  23.89
  23.83
  23.83
  23.80
  23.81
  23.81
  23.81
  23.81
  23.81
  23.81
  23.79
  23.79
  23.79
  23.79
  23.79
  23.79
  23.79
  23.80
  23.80
  23.79
  23.80
  23.80
  23.80
  23.81
  23.81
  23.81
  23.81
  23.81
  23.81
  23.81
  23.81
  23.83
  23.83
  23.83
  23.85
  23.84
  23.84
  23.84
  23.86
  23.89
  23.91
  23.91
  23.94
  23.94
  23.93
  23.94
  23.94
  23.94
  23.94
  23.94
  23.94
  23.94
  23.94
  23.94
  23.94
  23.94
  23.94
  23.94
  23.95
  23.95
  23.96
  23.98
  24.07
  24.01
  24.01
  24.01
  24.09
  24.09
  24.07
  23.98
  23.86
  23.83
  23.78
  23.74
  23.74
  23.69
  23.69
  23.69
  23.66
  23.64
  23.63
  23.61
  23.58
  23.59
  23.61
  23.64
  23.69
  23.69
  23.69
  23.69
  23.69
  23.69
  23.71
  23.71
  23.71
  23.71
  23.74
  23.78
  23.76
  23.76
  23.79
  23.81
  23.83
  23.86
  23.89
  23.91
  23.89
  23.83
  23.81
  23.81
  23.81
  23.81
  23.81
  23.81
  23.81
  23.78
  23.76
  23.74
  23.74
  23.74
  23.74
  23.74
  23.74
  23.74
  23.74
  23.75
  23.76
  23.79
  23.80
  23.81
  23.79
  23.76
  23.74
  23.74
  23.72
  23.71
  23.71
  23.71
  23.71
  23.71
  23.71
  23.74
  23.72
  23.74
  23.76
  23.79
  23.81
  23.81
  23.84
  23.86
  23.86
  23.86
  23.64
  22.51
  22.42
  22.37
  22.36
  22.33
  22.33
  22.36
  22.37
  22.40
  22.42
  22.45
  22.50
  22.60
  22.80
  22.72
  22.79
  22.87
  22.87
  22.89
  22.89
  22.89
  22.91
  23.01
  23.18
  23.03
  23.16
  23.23
  23.26
  23.31
  23.49
  23.32
  23.43
  23.50
  23.51
  23.53
  23.61
  23.66
  23.64
  23.58
  23.61
  23.64
  23.66
  23.69
  23.70
  23.69
  23.69
  23.71
  23.80
  23.86
  23.89
  23.89
  23.86
  23.94
  23.96
  23.99
  24.01
  24.04
  24.04
  24.01
  24.01
  24.01
  23.99
  23.98
  23.95
  23.95
  23.95
  23.96
  23.96
  23.96
  23.96
  23.98
  23.96
  23.96
  23.99
  23.99
  24.01
  24.01
  24.01
  24.04
  24.04
  24.04
  24.04
  24.04
  24.07
  24.05
  24.10
  24.10
  24.14
  24.11
  24.10
  24.09
  24.10
  24.11
  24.09
  24.08
  24.10
  24.09
  24.11
  24.10
  24.11
  24.11
  24.14
  24.17
  24.19
  24.22
  24.24
  24.22
  24.21
  24.19
  24.21
  24.21
  24.22
  24.23
  24.24
  24.22
  24.19
  24.17
  24.10
  24.08
  24.09
  24.09
  24.09
  24.09
  24.07
  24.07
  24.01
  23.98
  23.96
  23.96
  23.95
  23.96
  23.96
  23.96
  23.99
  23.99
  24.01
  23.99
  24.01
  24.07
  24.07
  24.10
  24.11
  24.11
  24.14
  24.14
  24.17
  24.15
  24.14
  24.11
  24.11
  24.09
  24.07
  24.07
  24.04
  24.04
  24.04
  24.04
  24.05
  24.05
  24.04
  24.04
  24.04
  24.04
  24.00
  23.99
  23.99
  24.01
  24.04
  24.04
  24.04
  24.04
  24.04
  24.04
  24.07
  24.08
  24.08
  24.09
  24.09
  24.10
  24.11
  24.11
  24.14
  24.14
  24.17
  24.15
  24.17
  24.19
  24.19
  24.19
  24.19
  24.21
  24.23
  24.24
  24.24
  24.24
  24.24
  24.24
  24.27
  24.27
  24.27
  24.27
  24.27
  24.27
  24.27
  24.27
  24.27
  24.27
  24.27
  24.28
  24.29
  24.27
  24.27
  24.29
  24.29
  24.29
  24.29
  24.28
  24.29
  24.28
  24.27
  24.27
  24.27
  24.27
  24.27
  24.27
  24.27
  24.27
  24.24
  24.26
  24.24
  24.24
  24.24
  24.24
  24.24
  24.24
  24.24
  24.24
  24.26
  24.27
  24.27
  24.27
  24.24
  24.27
  24.27
  24.27
  24.27
  24.27
  24.27
  24.27
  24.27
  24.27
  24.27
  24.27
  24.27
  24.27
  24.27
  24.27
  24.29
  24.29
  24.29
  24.29
  24.29
  24.29
  24.29
  24.28
  24.28
  24.27
  24.27
  24.28
  24.28
  24.28
  24.29
  24.29
  24.29
  24.29
  24.29
  24.29
  24.30
  24.30
  24.32
  24.32
  24.32
  24.32
  24.26
  24.24
  24.14
  24.14
  24.09
  24.04
  23.96
  23.84
  23.74
  23.70
  23.61
  23.47
  23.39
  23.33
  23.28
  23.21
  23.18
  23.13
  23.13
  23.13
  23.13
  23.16
  23.18
  23.27
  23.36
  23.43
  23.53
  23.66
  23.74
  23.79
  23.83
  23.84
  23.89
  23.94
  23.94
  23.98
  24.00
  24.01
  24.04
  24.07
  24.07
  24.09
  24.08
  24.08
  24.08
  24.14
  24.19
  24.21
  24.21
  24.21
  24.22
  24.24
  24.24
  24.27
  24.24
  24.24
  24.22
  24.22
  24.24
  24.24
  24.27
  24.29
  24.30
  24.32
  24.29
  24.32
  24.33
  24.37
  24.37
  24.37
  24.37
  24.40
  24.40
  24.44
  24.44
  24.47
  24.50
  24.53
  24.55
  24.59
  24.59
  24.62
  24.62
  24.63
  24.63
  24.63
  24.63
  24.65
  24.63
  24.63
  24.63
  24.63
  24.62
  24.62
  24.62
  24.61
  24.59
  24.59
  24.59
  24.59
  24.58
  24.59
  24.61
  24.62
  24.62
  24.62
  24.62
  24.62
  24.62
  24.62
  24.62
  24.62
  24.62
  24.62
  24.62
  24.62
  24.62
  24.62
  24.57
  24.52
  24.52
  24.52
  24.52
  24.52
  24.52
  24.51
  24.50
  24.50
  24.51
  24.48
  24.47
  24.47
  24.51
  24.51
  24.52
  24.52
  24.52
  24.52
  24.55
  24.56
  24.53
  24.52
  24.53
  24.52
  24.52
  24.50
  24.51
  24.51
  24.50
  24.48
  24.50
  24.44
  24.37
  24.33
  24.32
  24.29
  24.27
  24.27
  24.27
  24.29
  24.29
  24.35
  24.35
  24.35
  24.35
  24.35
  24.35
  24.36
  24.36
  24.36
  24.36
  24.37
  24.37
  24.37
  24.37
  24.38
  24.40
  24.40
  24.40
  24.40
  24.40
  24.41
  24.41
  24.42
  24.42
  24.42
  24.42
  24.42
  24.42
  24.42
  24.42
  24.42
  24.42
  24.42
  24.42
  24.42
  24.42
  24.42
  24.42
  24.42
  24.42
  24.42
  24.42
  24.42
  24.42
  24.42
  24.42
  24.42
  24.42
  24.41
  24.41
  24.42
  24.40
  24.40
  24.40
  24.40
  24.40
  24.40
  24.37
  24.37
  24.38
  24.38
  24.38
  24.37
  24.37
  24.38
  24.38
  24.37
  24.37
  24.37
  24.37
  24.37
  24.37
  24.35
  24.29
  24.27
  24.24
  24.23
  24.22
  24.21
  24.21
  24.21
  24.21
  24.22
  24.19
  24.19
  24.19
  24.21
  24.19
  24.19
  24.19
  24.19
  24.19
  24.21
  24.19
  24.19
  24.22
  24.23
  24.23
  24.24
  24.24
  24.27
  24.29
  24.29
  24.27
  24.29
  24.35
  24.35
  24.33
  24.35
  24.35
  24.36
  24.37
  24.37
  24.40
  24.40
  24.41
  24.40
  24.41
  24.41
  24.42
  24.40
  24.40
  24.40
  24.42
  24.42
  24.42
  24.40
  24.33
  24.27
  24.22
  24.17
  24.17
  24.11
  24.14
  24.14
  24.17
  24.14
  24.11
  24.11
  24.11
  24.11
  24.11
  24.11
  24.11
  24.11
  24.11
  24.11
  24.14
  24.17
  24.17
  24.17
  24.18
  24.19
  24.21
  24.22
  24.22
  24.22
  24.23
  24.23
  24.24
  24.24
  24.26
  24.27
  24.24
  24.24
  24.27
  24.27
  24.27
  24.27
  24.27
  24.27
  24.28
  24.29
  24.29
  24.29
  24.29
  24.29
  24.32
  24.29
  24.32
  24.32
  24.32
  24.32
  24.32
  24.32
  24.30
  24.32
  24.32
  24.32
  24.32
  24.32
  24.32
  24.32
  24.32
  24.32
  24.32
  24.35
  24.35
  24.32
  24.32
  24.32
  24.32
  24.35
  24.35
  24.35
  24.37
  24.38
  24.40
  24.40
  24.37
  24.32
  24.24
  24.27
  24.27
  24.29
  24.32
  24.32
  24.35
  24.37
  24.40
  24.40
  24.42
  24.43
  24.44
  24.47
  24.44
  24.44
  24.44
  24.44
  24.44
  24.44
  24.44
  24.44
  24.44
  24.44
  24.44
  24.44
  24.43
  24.42
  24.42
  24.42
  24.42
  24.42
  24.42
  24.42
  24.42
  24.41
  24.41
  24.40
  24.40
  24.40
  24.40
  24.40
  24.40
  24.40
  24.38
  24.37
  24.40
  24.37
  24.38
  24.38
  24.38
  24.38
  24.38
  24.40
  24.40
  24.40
  24.40
  24.42
  24.44
  24.44
  24.44
  24.42
  24.42
  24.42
  24.40
  24.40
  24.38
  24.40
  24.40
  24.40
  24.42
  24.42
  24.42
  24.42
  24.42
  24.42
  24.42
  24.40
  24.40
  24.37
  24.36
  24.35
  24.35
  24.33
  24.35
  24.35
  24.35
  24.35
  24.36
  24.36
  24.37
  24.37
  24.37
  24.37
  24.37
  24.37
  24.37
  24.38
  24.37
  24.38
  24.37
  24.37
  24.37
  24.37
  24.37
  24.37
  24.37
  24.37
  24.37
  24.37
  24.37
  24.33
  24.27
  24.27
  24.24
  24.23
  24.23
  24.23
  24.22
  24.22
  24.22
  24.22
  24.14
  24.11
  24.10
  24.05
  24.01
  23.98
  23.95
  23.91
  23.86
  23.84
  23.83
  23.83
  23.83
  23.81
  23.81
  23.79
  23.76
  23.74
  23.69
  23.66
  23.66
  23.65
  23.58
  23.58
  23.61
  23.61
  23.64
  23.66
  23.66
  23.69
  23.70
  23.72
  23.74
  23.76
  23.81
  23.84
  23.84
  23.89
  23.91
  23.94
  23.95
  23.96
  23.96
  23.99
  24.04
  24.09
  24.08
  24.10
  24.11
  24.14
  24.14
  24.17
  24.17
  24.17
  24.14
  24.17
  24.14
  24.15
  24.17
  24.17
  24.17
  24.17
  24.17
  24.17
  24.17
  24.15
  24.15
  24.14
  24.14
  24.14
  24.14
  24.15
  24.15
  24.15
  24.15
  24.17
  24.17
  24.17
  24.17
  24.17
  24.19
  24.19
  24.19
  24.19
  23.96
  23.96
  23.95
  23.94
  23.91
  23.91
  23.89
  23.89
  23.89
  23.90
  23.89
  23.89
  23.89
  23.86
  23.86
  23.86
  23.86
  23.86
  23.89
  23.86
  23.89
  23.89
  23.90
  23.91
  23.91
  23.91
  23.93
  23.91
  23.93
  23.94
  23.94
  23.94
  23.95
  23.96
  23.96
  23.96
  23.96
  23.98
  23.98
  23.98
  23.98
  23.98
  23.98
  23.96
  23.96
  23.96
  23.99
  23.99
  24.00
  24.01
  24.01
  24.04
  24.08
  24.09
  24.08
  24.09
  24.11
  24.11
  24.11
  24.11
  24.14
  24.14
  24.17
  24.14
  24.14
  24.14
  24.14
  24.14
  24.14
  24.17
  24.17
  24.17
  24.19
  24.21
  24.21
  24.21
  24.21
  24.21
  24.17
  24.17
  24.10
  23.70
  23.58
  23.51
  23.56
  23.64
  23.74
  23.83
  23.96
  24.01
  24.01
  24.10
  24.11
  24.14
  24.19
  24.24
  24.27
  24.27
  24.29
  24.29
  24.30
  24.35
  24.37
  24.38
  24.40
  24.37
  24.37
  24.40
  24.41
  24.42
  24.42
  24.43
  24.44
  24.42
  24.42
  24.42
  24.40
  24.40
  24.40
  24.37
  24.38
  24.37
  24.37
  24.36
  24.33
  24.32
  24.27
  24.24
  24.23
  24.21
  24.18
  24.17
  24.19
  24.19
  24.19
  24.19
  24.19
  24.19
  24.21
  24.14
  24.14
  24.14
  24.19
  24.27
  24.29
  24.32
  24.35
  24.35
  24.32
  24.35
  24.35
  24.27
  24.19
  24.17
  24.17
  24.22
  24.27
  24.29
  24.35
  24.40
  24.40
  24.38
  24.38
  24.40
  24.40
  24.40
  24.40
  24.40
  24.37
  24.37
  24.37
  24.37
  24.37
  24.37
  24.37
  24.37
  24.37
  24.38
  24.37
  24.38
  24.38
  24.38
  24.40
  24.40
  24.40
  24.40
  24.40
  24.40
  24.40
  24.40
  24.40
  24.40
  24.38
  24.40
  24.38
  24.38
  24.37
  24.37
  24.37
  24.37
  24.37
  24.37
  24.37
  24.37
  24.37
  24.01
  23.79
  23.71
  23.71
  23.71
  23.79
  23.74
  23.58
  23.37
  22.95
  22.34
  22.20
  22.22
  22.22
  22.42
  22.51
  22.54
  22.58
  22.70
  22.89
  22.87
  22.87
  22.98
  23.10
  23.11
  23.21
  23.28
  23.33
  23.33
  23.42
  23.44
  23.53
  23.51
  23.53
  23.55
  23.74
  23.78
  23.83
  23.84
  23.86
  23.94
  23.91
  23.96
  23.96
  23.96
  24.01
  24.01
  24.04
  24.07
  24.08
  24.08
  24.08
  24.07
  24.07
  24.07
  24.07
  24.04
  24.04
  24.01
  24.01
  23.99
  23.79
  23.69
  23.61
  23.61
  23.61
  23.61
  23.64
  23.64
  23.66
  23.74
  23.81
  23.83
  23.79
  23.79
  23.78
  23.81
  23.83
  23.83
  23.83
  23.83
  23.83
  23.83
  23.83
  23.83
  23.81
  23.74
  23.69
  23.64
  23.64
  23.64
  23.58
  23.57
  23.56
  23.53
  23.56
  23.57
  23.58
  23.61
  23.55
  23.16
  23.16
  23.16
  23.36
  23.61
  23.81
  23.76
  23.76
  23.81
  23.84
  23.86
  23.86
  23.89
  23.91
  23.94
  23.95
  23.96
  23.96
  23.96
  23.99
  23.99
  23.99
  24.01
  24.01
  24.04
  24.04
  24.04
  24.04
  24.04
  24.01
  24.03
  24.00
  24.01
  23.99
  23.99
  24.00
  24.01
  24.04
  24.07
  24.07
  24.09
  24.09
  24.09
  24.09
  24.07
  24.07
  24.04
  23.99
  23.91
  23.89
  23.80
  23.76
  23.64
  23.53
  23.49
  23.46
  23.46
  23.42
  23.42
  23.42
  23.42
  23.42
  23.36
  23.33
  23.11
  22.99
  22.93
  22.91
  22.83
  22.78
  22.74
  22.60
  22.55
  22.50
  22.52
  22.52
  22.75
  22.92
  23.11
  23.22
  23.29
  23.43
  23.57
  23.65
  23.74
  23.83
  23.90
  23.96
  23.99
  24.04
  24.13
  24.17
  24.22
  24.22
  24.21
  24.23
  24.24
  24.26
  24.27
  24.27
  24.29
  24.27
  24.29
  24.29
  24.29
  24.29
  24.29
  24.29
  24.29
  24.29
  24.29
  24.29
  24.29
  24.28
  24.28
  24.27
  24.22
  23.95
  23.91
  23.91
  23.94
  23.94
  23.91
  23.90
  24.04
  24.10
  24.09
  24.09
  24.11
  24.09
  24.07
  24.09
  24.14
  24.11
  24.08
  24.08
  24.09
  24.09
  24.04
  23.98
  23.91
  23.89
  23.89
  23.89
  23.89
  23.91
  23.94
  23.96
  23.99
  24.01
  24.05
  24.07
  24.08
  24.09
  24.09
  24.11
  24.11
  24.11
  24.11
  24.14
  24.14
  24.14
  24.14
  24.14
  24.14
  24.14
  24.17
  24.15
  24.17
  24.14
  24.14
  24.14
  24.14
  24.14
  24.14
  24.14
  24.14
  24.14
  24.14
  24.14
  24.14
  24.14
  24.14
  24.14
  23.58
  22.95
  22.75
  22.70
  22.71
  22.78
  22.80
  22.80
  22.85
  22.85
  22.91
  22.91
  22.93
  22.93
  23.00
  23.01
  23.08
  23.08
  23.16
  23.16
  23.18
  23.26
  23.23
  23.28
  22.52
  22.36
  22.31
  22.31
  22.29
  22.29
  22.29
  22.27
  22.29
  22.35
  22.42
  22.45
  22.48
  22.48
  22.55
  22.71
  22.78
  22.87
  23.01
  23.08
  23.13
  23.18
  23.28
  23.33
  23.43
  23.51
  23.61
  23.69
  23.71
  23.76
  23.83
  23.89
  23.91
  23.74
  23.57
  23.49
  23.51
  23.46
  23.49
  23.41
  23.33
  23.31
  23.28
  23.26
  23.23
  23.18
  23.16
  23.16
  23.16
  23.16
  22.93
  22.63
  22.08
  21.81
  21.71
  21.68
  21.70
  21.92
  22.46
  22.89
  23.31
  23.36
  23.37
  23.31
  23.44
  23.53
  23.56
  23.55
  23.56
  23.61
  23.69
  23.74
  23.76
  23.79
  23.74
  23.74
  23.76
  23.83
  23.81
  23.86
  23.86
  23.84
  23.94
  23.96
  23.94
  23.96
  23.96
  23.96
  23.96
  24.00
  24.04
  24.10
  24.11
  24.14
  24.17
  24.17
  24.14
  24.14
  24.17
  24.17
  24.17
  24.17
  24.19
  24.19
  24.19
  24.19
  24.19
  24.22
  24.21
  24.23
  24.23
  24.22
  24.22
  24.22
  24.23
  24.24
  24.24
  24.24
  24.26
  24.24
  24.24
  24.24
  24.24
  24.24
  24.24
  24.24
  24.24
  24.24
  24.24
  24.24
  24.24
  24.24
  24.24
  24.27
  24.27
  24.26
  24.27
  24.27
  24.27
  24.27
  24.27
  24.27
  24.27
  24.27
  24.27
  24.27
  24.27
  24.27
  24.27
  24.27
  24.26
  24.24
  24.24
  24.24
  24.22
  24.22
  24.24
  24.24
  24.27
  24.27
  24.27
  24.24
  24.23
  24.22
  24.22
  24.22
  24.22
  24.22
  24.23
  24.24
  24.27
  24.27
  24.28
  24.29
  24.32
  24.35
  24.35
  24.35
  24.32
  24.32
  24.29
  24.29
  24.32
  24.32
  24.29
  24.29
  24.29
  24.29
  24.30
  24.32
  24.32
  24.32
  24.32
  24.32
  24.33
  24.35
  24.32
  24.13
  23.84
  23.71
  23.58
  23.66
  23.72
  23.79
  23.84
  23.94
  24.07
  24.11
  24.14
  24.17
  24.17
  24.19
  24.17
  24.14
  24.22
  24.32
  24.32
  24.32
  24.35
  24.35
  24.32
  24.32
  24.32
  24.32
  24.32
  24.09
  24.07
  24.09
  24.14
  24.19
  24.22
  24.27
  24.29
  24.29
  24.29
  24.29
  24.32
  24.32
  24.32
  24.32
  24.30
  24.32
  24.30
  24.32
  24.32
  24.32
  24.32
  24.32
  24.32
  24.35
  24.35
  24.35
  24.35
  24.32
  24.32
  24.32
  24.32
  24.29
  24.15
  24.09
  24.07
  24.05
  24.01
  23.84
  23.43
  23.31
  23.17
  22.99
  22.85
  22.75
  22.63
  22.52
  22.42
  22.29
  22.25
  22.14
  22.10
  22.06
  22.07
  22.08
  22.08
  22.08
  22.08
  22.10
  22.10
  22.12
  22.10
  22.04
  22.02
  22.04
  22.08
  22.14
  22.23
  22.29
  22.31
  22.33
  22.35
  22.35
  22.35
  21.67
  20.54
  20.11
  19.98
  19.79
  19.79
  19.74
  19.79
  19.86
  19.90
  19.95
  19.99
  20.14
  20.24
  20.43
  20.60
  20.74
  20.99
  21.10
  21.27
  21.42
  21.49
  21.62
  21.85
  22.02
  22.04
  22.28
  22.51
  22.50
  21.99
  21.79
  21.67
  21.89
  22.33
  22.42
  22.50
  22.49
  22.50
  22.50
  22.70
  22.78
  22.83
  22.87
  22.95
  22.93
  22.94
  22.94
  23.03
  23.11
  23.03
  22.98
  22.99
  23.16
  23.23
  23.26
  23.23
  23.18
  23.28
  23.28
  23.38
  23.51
  23.61
  23.57
  23.56
  23.55
  23.56
  23.52
  23.49
  23.46
  23.46
  23.42
  23.38
  23.33
  23.28
  23.16
  23.13
  23.11
  23.12
  23.26
  23.23
  23.27
  23.29
  23.33
  23.33
  23.38
  23.33
  23.33
  23.23
  23.17
  23.13
  23.17
  23.18
  23.13
  23.11
  23.11
  23.11
  23.11
  23.14
  23.18
  23.26
  23.32
  23.41
  23.46
  23.53
  23.58
  23.61
  23.66
  23.69
  23.69
  23.78
  23.83
  23.83
  23.86
  23.91
  23.91
  23.93
  23.94
  23.94
  23.91
  23.91
  23.94
  23.94
  23.96
  23.96
  23.94
  23.94
  23.94
  23.94
  23.94
  23.89
  23.88
  23.80
  23.81
  23.76
  23.66
  23.66
  23.74
  23.79
  23.74
  23.78
  23.59
  23.47
  23.52
  23.56
  23.56
  23.58
  23.63
  23.64
  23.64
  23.69
  23.66
  23.66
  23.66
  23.66
  23.66
  23.66
  23.66
  23.66
  23.69
  23.74
  23.76
  23.69
  23.64
  23.69
  23.74
  23.71
  23.71
  23.71
  23.74
  23.74
  23.74
  23.74
  23.74
  23.72
  23.72
  23.74
  23.79
  23.81
  23.81
  23.81
  23.79
  23.79
  23.79
  23.79
  23.79
  23.79
  23.79
  23.79
  23.79
  23.79
  23.79
  23.79
  23.76
  23.74
  23.74
  23.71
  23.71
  23.70
  23.66
  23.66
  23.61
  23.61
  23.61
  23.61
  23.58
  23.58
  23.58
  23.61
  23.61
  23.66
  23.70
  23.79
  23.81
  23.84
  23.84
  23.83
  23.84
  23.84
  23.86
  23.86
  23.89
  23.86
  23.89
  23.91
  23.91
  23.91
  23.91
  23.91
  23.91
  23.91
  23.91
  23.91
  23.91
  23.94
  23.94
  23.94
  23.96
  23.96
  23.96
  23.96
  23.96
  23.81
  23.56
  23.42
  23.33
  23.31
  23.33
  23.33
  23.35
  23.36
  23.42
  23.51
  23.53
  23.03
  22.58
  22.51
  22.52
  22.58
  22.62
  22.60
  21.84
  21.44
  21.19
  21.17
  21.09
  21.04
  20.95
  20.93
  20.93
  20.93
  20.92
  20.93
  20.94
  20.99
  21.06
  21.07
  21.07
  20.99
  20.93
  20.96
  21.03
  21.09
  21.09
  21.19
  21.30
  21.40
  21.44
  21.52
  21.54
  21.48
  21.42
  21.39
  21.34
  21.32
  21.22
  20.89
  20.81
  19.71
  19.54
  19.25
  19.25
  19.27
  19.25
  19.22
  19.23
  19.30
  19.32
  19.54
  19.83
  19.98
  20.05
  20.20
  20.30
  20.42
  20.62
  20.82
  20.99
  21.27
  21.44
  21.49
  21.76
  21.77
  21.79
  21.83
  21.76
  21.20
  20.99
  20.77
  20.43
  20.27
  20.10
  20.06
  20.02
  20.10
  20.15
  20.32
  20.43
  20.43
  20.49
  20.74
  20.61
  20.70
  21.04
  21.17
  21.37
  21.58
  22.12
  22.07
  22.02
  22.20
  22.22
  22.29
  22.49
  22.49
  22.50
  22.50
  22.50
  22.50
  22.49
  22.50
  22.50
  22.50
  22.49
  22.52
  22.55
  22.58
  22.60
  22.59
  22.60
  22.62
  22.68
  22.70
  22.72
  22.75
  22.52
  22.46
  22.46
  22.50
  22.50
  22.58
  22.60
  22.60
  22.65
  22.68
  22.70
  22.72
  22.75
  22.75
  22.75
  22.80
  22.80
  22.80
  22.78
  22.80
  22.80
  22.83
  22.83
  22.83
  22.83
  22.83
  22.87
  22.89
  23.01
  23.03
  23.03
  22.98
  22.98
  22.95
  22.95
  22.93
  22.94
  22.93
  22.92
  22.91
  22.89
  22.89
  22.95
  23.00
  23.00
  23.00
  23.01
  23.00
  23.00
  23.00
  23.00
  23.01
  23.01
  23.01
  22.98
  22.98
  22.98
  23.06
  23.16
  23.29
  23.33
  23.41
  23.42
  23.43
  23.50
  23.53
  23.55
  23.57
  23.61
  23.61
  23.58
  23.53
  23.53
  23.53
  23.56
  23.55
  23.57
  23.55
  23.56
  23.58
  23.58
  23.58
  23.61
  23.61
  23.66
  23.66
  23.66
  23.69
  23.66
  23.61
  23.59
  23.58
  23.58
  23.59
  23.58
  23.58
  23.57
  23.53
  23.51
  23.51
  23.52
  23.53
  23.56
  23.57
  23.55
  23.57
  23.58
  23.58
  23.58
  23.58
  23.58
  23.56
  23.56
  23.53
  23.52
  23.53
  23.53
  23.53
  23.55
  23.57
  23.56
  23.53
  23.53
  23.51
  23.51
  23.51
  23.49
  23.49
  23.46
  23.44
  23.43
  23.41
  23.36
  23.33
  23.31
  23.31
  23.31
  23.33
  23.31
  23.29
  23.26
  23.23
  23.22
  23.23
  23.23
  23.23
  23.21
  23.16
  23.17
  23.16
  23.16
  23.16
  23.18
  23.18
  23.23
  23.23
  23.26
  23.29
  23.31
  23.31
  23.32
  23.33
  23.33
  23.33
  23.33
  23.33
  23.36
  23.36
  23.36
  23.36
  23.38
  23.38
  23.38
  23.41
  23.41
  23.41
  23.41
  23.39
  23.39
  23.41
  23.41
  23.41
  23.41
  23.42
  22.59
  22.02
  21.87
  21.69
  21.68
  21.48
  21.32
  21.27
  21.19
  21.13
  20.97
  20.86
  20.85
  20.86
  20.92
  20.99
  21.07
  21.15
  21.21
  21.22
  21.29
  21.40
  21.42
  21.51
  21.54
  21.58
  21.67
  21.69
  21.71
  21.04
  20.85
  20.66
  20.60
  20.44
  20.40
  20.24
  20.15
  20.13
  20.10
  20.00
  19.88
  19.68
  19.50
  19.35
  19.34
  19.39
  19.41
  19.54
  19.95
  20.08
  20.11
  20.09
  20.11
  20.20
  20.33
  20.55
  20.79
  21.11
  21.31
  21.55
  21.70
  21.74
  21.82
  21.19
  20.95
  20.86
  20.82
  20.73
  20.62
  20.51
  20.33
  20.02
  19.96
  19.95
  19.91
  19.78
  19.65
  19.58
  19.51
  19.34
  19.30
  19.23
  19.18
  19.10
  19.07
  19.09
  19.03
  19.05
  18.93
  18.91
  18.91
  18.88
  18.88
  18.80
  18.79
  18.80
  18.77
  18.74
  18.74
  18.74
  18.77
  18.77
  18.78
  18.79
  18.79
  18.80
  18.80
  18.83
  18.83
  18.82
  18.82
  18.83
  18.85
  18.85
  18.91
  19.01
  19.07
  19.07
  19.10
  19.14
  19.13
  19.10
  19.34
  19.34
  19.39
  19.46
  19.58
  19.59
  19.65
  19.65
  19.66
  19.71
  19.75
  19.87
  19.99
  20.44
  20.73
  20.68
  20.76
  21.05
  21.17
  21.16
  21.35
  21.40
  21.39
  21.42
  21.45
  21.48
  21.56
  21.58
  21.68
  21.74
  21.83
  21.85
  22.06
  22.14
  22.51
  22.51
  22.50
  22.65
  22.65
  22.62
  22.65
  22.68
  22.70
  22.68
  22.74
  22.74
  22.75
  22.78
  22.78
  22.85
  22.85
  22.89
  22.87
  22.89
  22.93
  22.95
  22.93
  23.01
  23.00
  23.08
  23.14
  23.24
  23.26
  23.29
  23.29
  23.32
  23.36
  23.37
  23.42
  23.43
  23.43
  23.43
  23.43
  23.46
  23.44
  23.44
  23.46
  23.47
  23.47
  23.49
  23.49
  23.49
  23.51
  23.52
  23.53
  23.53
  23.56
  23.56
  23.57
  23.57
  23.58
  23.56
  23.56
  23.56
  23.53
  23.51
  23.51
  23.51
  23.53
  23.53
  23.53
  23.56
  23.55
  23.56
  23.56
  23.58
  23.58
  23.61
  23.61
  23.61
  23.61
  23.61
  23.61
  23.61
  23.64
  23.64
  23.64
  23.64
  23.58
  23.58
  23.56
  23.57
  23.53
  23.55
  23.53
  23.51
  23.51
  23.49
  23.43
  23.42
  23.39
  23.41
  23.41
  23.41
  23.41
  23.37
  23.35
  23.32
  23.33
  23.33
  23.33
  23.33
  23.33
  23.33
  23.33
  23.35
  23.36
  23.36
  23.36
  23.36
  23.36
  23.36
  23.36
  23.36
  23.37
  23.38
  23.39
  23.41
  23.39
  23.41
  23.39
  23.41
  23.41
  23.38
  23.38
  23.27
  23.03
  22.68
  22.52
  22.50
  22.46
  22.51
  22.52
  22.55
  22.59
  22.59
  22.20
  21.55
  21.25
  21.42
  21.51
  21.37
  21.19
  21.10
  20.93
  20.80
  20.75
  20.72
  20.82
  20.85
  20.88
  20.99
  21.05
  21.10
  21.09
  20.99
  20.95
  20.79
  20.69
  20.70
  20.63
  20.59
  20.55
  20.41
  20.30
  20.27
  20.27
  20.24
  20.27
  20.21
  20.17
  20.17
  20.17
  20.15
  20.14
  20.00
  19.94
  19.84
  19.78
  19.70
  19.76
  19.83
  19.95
  20.24
  20.44
  20.47
  20.55
  20.66
  20.72
  20.87
  21.04
  21.15
  21.39
  21.42
  21.42
  21.46
  21.63
  21.73
  21.79
  21.79
  21.06
  20.77
  20.55
  20.42
  20.18
  20.01
  19.94
  19.90
  19.82
  19.76
  19.70
  19.59
  19.54
  19.53
  19.52
  19.53
  19.50
  19.46
  19.42
  19.31
  19.32
  19.31
  19.29
  19.27
  19.27
  19.25
  19.22
  19.21
  19.21
  19.19
  19.23
  19.27
  19.31
  19.31
  19.31
  19.10
  18.77
  18.74
  18.71
  18.74
  18.80
  18.86
  18.88
  18.99
  19.13
  19.27
  19.34
  19.47
  19.03
  18.60
  18.54
  18.44
  18.40
  18.45
  18.67
  18.80
  18.83
  19.01
  19.10
  19.42
  19.47
  19.63
  19.94
  20.04
  20.27
  20.42
  20.52
  20.47
  20.58
  20.73
  20.69
  20.71
  20.70
  20.73
  20.93
  20.93
  21.09
  21.45
  21.59
  21.92
  21.92
  22.04
  22.20
  22.45
  22.52
  22.60
  22.60
  22.63
  22.63
  22.65
  22.68
  22.68
  22.65
  22.65
  22.58
  22.65
  22.65
  22.68
  22.70
  22.68
  22.64
  22.60
  22.52
  22.50
  22.49
  22.50
  22.50
  22.58
  22.80
  23.13
  23.28
  23.38
  23.38
  23.43
  23.42
  23.41
  23.38
  23.36
  23.36
  23.46
  23.41
  23.41
  23.42
  23.41
  23.23
  23.23
  23.16
  23.18
  23.23
  23.04
  23.03
  22.91
  23.01
  22.94
  22.80
  22.78
  22.83
  22.87
  22.97
  23.21
  23.33
  23.61
  23.71
  23.71
  23.76
  23.76
  23.76
  23.76
  23.76
  23.74
  23.81
  23.81
  23.81
  23.81
  23.83
  23.83
  23.81
  23.81
  23.81
  23.79
  23.71
  23.71
  23.66
  23.68
  23.68
  23.66
  23.66
  23.66
  23.66
  23.64
  23.66
  23.61
  23.61
  23.66
  23.74
  23.74
  23.75
  23.71
  23.71
  23.66
  23.58
  23.56
  23.51
  23.52
  23.56
  23.57
  23.56
  23.64
  23.69
  23.74
  23.76
  23.76
  23.71
  23.71
  23.70
  23.68
  23.56
  23.42
  23.33
  23.33
  23.33
  23.35
  23.41
  23.41
  23.42
  23.43
  23.44
  23.44
  23.43
  23.43
  23.46
  23.50
  23.49
  23.53
  23.53
  23.53
  23.55
  23.56
  23.56
  23.53
  23.53
  23.53
  23.53
  23.53
  23.36
  22.98
  22.72
  22.58
  22.36
  22.14
  21.87
  21.81
  21.68
  21.69
  21.65
  21.68
  21.70
  21.76
  21.79
  21.84
  21.93
  21.99
  22.10
  22.14
  22.27
  22.29
  22.35
  22.39
  22.37
  22.36
  22.33
  22.29
  22.29
  22.33
  22.34
  22.36
  22.40
  22.42
  22.48
  22.48
  22.45
  22.39
  21.96
  21.17
  20.33
  20.04
  19.86
  19.70
  19.68
  19.39
  19.16
  19.12
  19.07
  19.10
  19.06
  19.12
  19.29
  19.42
  19.62
  19.74
  19.99
  20.19
  20.39
  20.66
  20.93
  21.12
  21.27
  21.44
  21.59
  21.65
  21.67
  21.74
  21.82
  21.97
  21.89
  21.97
  22.07
  22.16
  22.23
  22.17
  20.89
  20.51
  20.21
  20.06
  19.87
  19.73
  19.63
  19.57
  19.52
  19.53
  19.57
  19.63
  19.68
  19.84
  20.09
  20.43
  20.75
  20.94
  21.04
  21.17
  21.21
  21.31
  21.25
  21.21
  21.20
  21.35
  21.68
  21.83
  21.89
  21.82
  21.82
  21.81
  21.84
  21.84
  21.83
  21.83
  21.87
  21.84
  21.78
  21.71
  21.84
  22.07
  22.06
  22.11
  22.08
  22.10
  22.12
  22.12
  21.81
  21.87
  21.89
  21.85
  21.92
  21.92
  21.92
  21.96
  21.99
  22.02
  22.02
  22.02
  22.02
  22.04
  22.04
  22.06
  22.04
  22.04
  22.06
  22.10
  22.22
  22.69
  22.55
  22.65
  22.74
  22.77
  22.94
  22.95
  22.98
  22.95
  22.97
  23.00
  22.99
  22.98
  22.99
  23.00
  23.00
  23.00
  22.98
  22.98
  22.99
  23.00
  23.00
  23.01
  23.01
  22.98
  23.00
  22.95
  22.95
  22.91
  22.86
  22.83
  22.80
  22.78
  22.68
  22.63
  22.65
  22.74
  22.81
  22.80
  22.87
  22.91
  22.95
  22.98
  23.00
  23.00
  23.00
  23.00
  23.00
  22.91
  22.62
  22.55
  22.46
  22.42
  22.27
  22.25
  22.25
  22.27
  22.33
  22.37
  22.46
  22.46
  22.48
  22.62
  22.65
  22.68
  22.70
  22.71
  22.72
  22.72
  22.72
  22.72
  22.72
  22.72
  22.71
  22.72
  22.72
  22.72
  22.74
  22.75
  22.74
  22.77
  22.77
  22.77
  22.77
  22.77
  22.78
  22.80
  22.80
  22.85
  22.87
  22.87
  22.85
  22.87
  22.89
  22.89
  22.89
  22.91
  22.92
  22.91
  22.89
  22.89
  22.87
  22.83
  22.80
  22.80
  22.80
  22.79
  22.79
  22.80
  22.80
  22.81
  22.83
  22.83
  22.83
  22.83
  22.83
  22.83
  22.83
  22.83
  22.83
  22.81
  22.80
  22.80
  22.80
  22.80
  22.80
  22.80
  22.80
  22.80
  22.80
  22.80
  22.80
  22.80
  22.80
  22.80
  22.80
  22.80
  22.80
  22.80
  22.80
  22.80
  22.80
  22.80
  22.80
  22.80
  22.80
  22.78
  22.78
  22.78
  21.92
  21.55
  21.42
  21.25
  21.15
  21.22
  21.31
  21.42
  21.52
  21.65
  21.78
  21.88
  21.92
  21.89
  21.79
  21.77
  21.74
  21.70
  21.67
  21.64
  21.54
  21.39
  21.26
  21.19
  21.05
  21.03
  21.03
  21.11
  21.16
  21.26
  21.30
  21.29
  21.27
  21.34
  21.36
  21.35
  21.32
  21.34
  21.36
  21.37
  21.39
  21.40
  21.40
  21.36
  21.30
  21.29
  21.29
  21.29
  21.34
  21.36
  21.40
  21.37
  21.50
  21.56
  21.59
  21.64
  21.77
  21.92
  21.99
  22.07
  22.20
  22.25
  22.42
  22.50
  22.55
  22.65
  22.68
  22.69
  22.68
  22.62
  22.60
  22.62
  22.65
  22.72
  22.77
  22.85
  22.87
  22.87
  22.87
  22.91
  22.91
  22.85
  22.50
  22.48
  22.40
  22.26
  22.02
  21.99
  21.81
  21.73
  21.56
  21.37
  21.31
  21.29
  21.26
  21.11
  21.07
  20.93
  20.83
  20.72
  20.62
  20.50
  20.29
  20.23
  20.18
  20.11
  20.09
  20.14
  20.11
  20.14
  20.16
  20.20
  20.36
  20.47
  20.59
  20.59
  20.76
  20.81
  20.82
  20.92
  20.97
  20.97
  20.94
  21.03
  21.07
  21.12
  21.10
  20.97
  20.94
  20.91
  20.91
  20.93
  20.99
  21.00
  21.11
  21.11
  21.16
  21.15
  21.22
  21.29
  21.32
  21.30
  21.64
  21.67
  21.74
  21.82
  21.84
  21.89
  21.92
  21.99
  22.07
  22.10
  22.12
  22.16
  22.17
  22.20
  22.20
  22.20
  22.20
  22.20
  22.14
  22.12
  22.14
  22.14
  22.14
  22.14
  22.12
  22.13
  22.14
  22.16
  22.20
  22.20
  22.27
  22.29
  22.29
  22.33
  22.33
  22.33
  22.33
  22.33
  22.29
  22.27
  22.29
  22.29
  22.33
  22.33
  22.37
  22.37
  22.40
  22.42
  22.42
  22.43
  22.37
  22.27
  22.27
  22.22
  22.21
  22.21
  22.21
  22.21
  22.21
  22.21
  22.22
  22.22
  22.22
  22.21
  22.21
  22.21
  22.23
  22.23
  22.25
  22.25
  22.25
  22.27
  22.27
  22.33
  22.29
  22.33
  22.37
  22.42
  22.48
  22.58
  22.60
  22.63
  22.65
  22.68
  22.70
  22.68
  22.69
  22.68
  22.68
  22.68
  22.66
  22.65
  22.65
  22.65
  22.65
  22.65
  22.66
  22.68
  22.70
  22.71
  22.72
  22.74
  22.78
  22.78
  22.80
  22.80
  22.80
  22.83
  22.85
  22.89
  22.86
  22.87
  22.86
  22.86
  22.85
  22.85
  22.85
  22.85
  22.85
  22.85
  22.85
  22.78
  22.80
  22.80
  22.80
  22.80
  22.81
  22.80
  22.80
  22.79
  22.79
  22.80
  22.80
  22.80
  22.80
  22.80
  22.80
  22.80
  22.78
  22.78
  22.78
  22.78
  22.78
  22.78
  22.78
  22.80
  22.80
  22.83
  22.83
  22.85
  22.85
  22.85
  22.85
  22.87
  22.87
  22.89
  22.89
  22.89
  22.89
  22.89
  22.89
  22.87
  22.87
  22.87
  22.85
  22.84
  22.83
  22.83
  22.83
  22.83
  22.83
  22.83
  22.83
  22.83
  22.83
  22.83
  22.83
  22.83
  22.83
  22.83
  22.83
  22.81
  22.27
  22.27
  22.35
  22.35
  22.45
  22.46
  22.58
  22.62
  22.68
  22.72
  22.74
  22.74
  22.72
  22.74
  22.75
  22.74
  22.77
  22.78
  22.78
  22.78
  22.78
  22.79
  22.79
  21.96
  21.74
  21.73
  21.74
  21.69
  21.70
  21.73
  21.78
  21.85
  22.04
  22.07
  22.17
  22.23
  22.40
  22.48
  22.63
  22.65
  22.68
  22.74
  22.79
  22.80
  22.86
  22.89
  22.93
  22.93
  22.93
  22.98
  23.03
  23.06
  23.08
  23.08
  23.11
  23.16
  23.14
  23.16
  23.13
  23.13
  23.16
  23.16
  23.16
  23.18
  23.18
  22.59
  22.14
  22.06
  22.04
  22.02
  21.99
  21.97
  21.94
  21.84
  21.76
  21.68
  21.05
  20.87
  20.75
  20.63
  20.64
  20.64
  20.64
  20.66
  20.66
  20.72
  20.75
  20.76
  20.83
  20.92
  21.00
  21.21
  21.21
  21.30
  21.31
  21.41
  21.45
  21.56
  21.69
  21.82
  21.89
  21.92
  21.89
  21.94
  21.98
  22.04
  22.12
  22.20
  22.21
  22.23
  22.29
  22.33
  22.37
  22.42
  22.48
  22.49
  22.58
  22.63
  22.70
  22.75
  22.80
  22.85
  22.89
  22.93
  22.98
  22.98
  23.03
  23.08
  23.11
  23.13
  23.13
  23.16
  23.16
  23.18
  23.23
  23.26
  23.24
  23.28
  23.28
  23.27
  23.28
  23.31
  23.29
  23.28
  23.26
  23.26
  23.26
  23.27
  23.26
  23.27
  23.28
  23.28
  23.28
  23.28
  23.28
  23.26
  23.23
  23.23
  23.16
  23.01
  22.95
  22.92
  22.91
  22.91
  22.91
  22.93
  22.93
  22.98
  23.01
  23.08
  23.08
  23.14
  23.16
  23.18
  23.18
  23.18
  23.21
  23.23
  23.26
  23.26
  23.23
  23.27
  23.26
  23.28
  23.28
  23.31
  23.31
  23.31
  23.32
  23.33
  23.36
  23.36
  23.38
  23.38
  23.38
  23.41
  23.41
  23.41
  23.41
  23.41
  23.41
  23.42
  23.42
  23.41
  23.41
  23.41
  23.42
  23.42
  23.43
  23.44
  23.43
  23.44
  23.43
  23.43
  23.44
  23.43
  23.46
  23.46
  23.46
  23.46
  23.46
  23.46
  23.42
  23.26
  23.18
  23.17
  23.11
  23.08
  23.08
  23.08
  23.08
  23.08
  23.08
  23.08
  23.08
  23.08
  23.11
  23.11
  23.08
  23.11
  23.08
  23.00
  22.95
  22.80
  22.58
  22.43
  22.40
  22.34
  22.29
  22.27
  22.22
  22.21
  22.19
  22.17
  22.12
  22.10
  22.04
  21.96
  21.89
  21.89
  21.93
  21.97
  21.98
  21.97
  21.99
  22.00
  22.02
  22.04
  22.06
  22.07
  22.10
  22.10
  22.14
  22.17
  22.17
  22.20
  22.17
  22.11
  22.10
  22.10
  22.14
  22.14
  22.17
  22.20
  22.20
  22.21
  22.21
  22.04
  21.64
  21.61
  21.51
  21.46
  21.44
  21.40
  21.40
  21.36
  21.29
  21.04
  20.84
  20.72
  20.80
  20.75
  20.72
  20.74
  20.75
  20.73
  20.76
  20.82
  20.96
  21.04
  21.15
  21.32
  21.39
  21.51
  21.54
  21.62
  21.65
  21.82
  21.97
  22.02
  22.21
  22.42
  22.50
  22.63
  22.63
  22.83
  22.87
  22.93
  22.95
  23.06
  23.07
  23.13
  23.18
  23.18
  23.21
  23.23
  23.26
  23.26
  23.27
  23.28
  23.29
  23.32
  23.31
  23.29
  23.28
  23.31
  23.36
  23.37
  23.38
  23.42
  23.42
  23.41
  23.38
  23.33
  23.31
  23.23
  23.06
  23.04
  23.01
  23.01
  23.01
  23.06
  23.08
  23.11
  23.08
  23.08
  23.08
  23.08
  23.11
  23.11
  23.11
  23.22
  23.26
  23.28
  23.31
  23.28
  23.28
  23.26
  23.26
  23.26
  23.31
  23.36
  23.33
  23.36
  23.36
  23.41
  23.39
  23.42
  23.42
  23.42
  23.44
  23.44
  23.44
  23.43
  23.44
  23.46
  23.46
  23.46
  23.49
  23.51
  23.51
  23.51
  23.51
  23.51
  23.51
  23.51
  23.51
  23.51
  23.52
  23.51
  23.51
  23.52
  23.51
  23.51
  23.53
  23.53
  23.53
  23.53
  23.53
  23.53
  23.52
  23.51
  23.51
  23.51
  23.51
  23.51
  23.53
  23.53
  23.53
  23.55
  23.53
  23.55
  23.53
  23.53
  23.53
  23.53
  23.55
  23.56
  23.53
  23.53
  23.53
  23.51
  23.41
  23.33
  23.32
  23.31
  23.28
  23.28
  23.28
  23.27
  23.28
  23.26
  23.27
  23.26
  23.26
  23.26
  23.26
  23.26
  23.28
  23.28
  23.27
  23.27
  23.28
  23.27
  23.27
  23.28
  23.28
  23.28
  23.28
  23.27
  23.27
  23.27
  23.28
  23.28
  23.28
  23.28
  23.31
  23.31
  23.29
  23.29
  23.29
  23.31
  23.31
  23.31
  23.31
  23.31
  23.31
  23.31
  20.47
  20.02
  19.95
  20.04
  19.96
  19.90
  19.88
  19.98
  20.07
  20.16
  20.21
  20.27
  20.32
  20.43
  20.69
  20.73
  20.77
  20.89
  21.31
  21.32
  21.54
  21.58
  21.67
  21.88
  22.02
  22.55
  22.83
  22.85
  22.86
  23.16
  22.95
  23.08
  23.28
  23.23
  23.31
  23.32
  23.29
  23.28
  23.29
  23.29
  23.32
  23.31
  23.26
  23.11
  23.11
  23.11
  23.11
  23.10
  22.74
  22.42
  22.35
  22.20
  21.94
  21.74
  21.54
  21.52
  21.13
  20.99
  20.88
  20.84
  20.75
  20.71
  20.63
  20.62
  20.52
  20.55
  20.58
  20.55
  20.60
  20.61
  20.47
  20.38
  20.41
  20.39
  20.37
  20.35
  20.37
  20.80
  20.86
  21.12
  21.37
  21.82
  21.73
  22.10
  22.37
  22.48
  22.42
  22.39
  22.29
  22.25
  22.22
  22.16
  22.14
  22.16
  22.20
  22.21
  22.25
  22.28
  22.29
  22.33
  22.35
  22.37
  22.40
  22.45
  22.48
  22.49
  22.48
  22.48
  22.48
  22.48
  22.48
  22.42
  22.36
  22.36
  22.36
  22.35
  22.36
  22.40
  22.43
  22.45
  22.45
  22.41
  22.12
  22.02
  22.02
  22.07
  22.07
  22.11
  22.20
  22.20
  22.23
  22.26
  22.26
  22.29
  22.29
  22.28
  22.27
  22.29
  22.25
  22.25
  22.25
  22.25
  22.25
  22.25
  22.25
  22.33
  22.40
  22.40
  22.48
  22.45
  22.48
  22.48
  22.48
  22.58
  22.55
  22.62
  22.65
  22.72
  22.78
  22.78
  22.85
  22.85
  22.87
  22.87
  22.89
  22.93
  22.93
  22.97
  23.00
  23.01
  23.06
  23.08
  23.11
  23.11
  23.13
  23.13
  23.13
  23.13
  23.13
  23.13
  23.13
  23.13
  23.11
  23.11
  23.11
  23.11
  23.11
  23.11
  23.11
  23.18
  23.16
  23.16
  23.26
  23.23
  23.31
  23.36
  23.44
  23.61
  23.59
  23.49
  23.51
  23.49
  23.43
  23.47
  23.51
  23.53
  23.61
  23.66
  23.69
  23.70
  23.71
  23.74
  23.75
  23.74
  23.56
  23.51
  23.51
  23.51
  23.52
  23.51
  23.51
  23.51
  23.51
  23.51
  23.49
  23.46
  23.51
  23.58
  23.66
  23.61
  23.69
  23.66
  23.69
  23.58
  23.70
  23.66
  23.66
  23.69
  23.74
  23.79
  23.69
  23.65
  23.66
  23.66
  23.68
  23.70
  23.69
  23.69
  23.66
  23.58
  23.53
  23.51
  23.46
  23.44
  23.43
  23.39
  23.42
  23.41
  23.36
  23.38
  23.33
  23.33
  23.33
  23.33
  23.33
  23.31
  23.31
  23.27
  23.28
  23.26
  23.23
  23.23
  23.26
  23.26
  23.28
  23.28
  23.33
  23.32
  23.33
  23.33
  23.33
  23.33
  23.31
  23.31
  23.33
  23.29
  23.33
  23.28
  23.29
  23.28
  23.28
  23.29
  23.31
  23.31
  23.28
  23.32
  23.32
  23.33
  23.33
  23.33
  23.33
  23.35
  23.36
  23.37
  23.38
  23.41
  23.39
  23.43
  23.42
  23.43
  23.46
  23.46
  23.49
  23.47
  23.49
  23.50
  23.50
  23.51
  23.51
  23.51
  23.51
  23.51
  23.52
  23.52
  23.53
  23.53
  23.53
  23.53
  23.56
  23.56
  23.56
  23.56
  23.56
  23.56
  23.56
  23.57
  23.56
  23.56
  23.57
  23.56
  23.57
  23.57
  23.56
  23.57
  23.57
  23.58
  23.58
  23.58
  23.61
  23.58
  23.58
  23.58
  23.61
  23.58
  23.58
  23.58
  23.58
  23.58
  23.57
  23.57
  23.56
  23.56
  23.56
  23.56
  23.56
  23.58
  23.56
  23.58
  23.58
  23.56
  23.56
  23.56
  23.57
  23.57
  23.57
  23.57
  23.57
  23.57
  23.58
  23.58
  23.58
  23.58
  23.58
  23.58
  23.59
  23.59
  23.59
  23.59
  23.58
  23.61
  23.58
  23.58
  23.53
  23.51
  23.50
  23.49
  23.49
  23.46
  23.46
  23.46
  23.46
  23.46
  23.46
  23.46
  23.46
  23.46
  23.46
  23.46
  23.46
  23.46
  23.46
  23.46
  23.46
  23.43
  23.43
  23.42
  23.42
  23.42
  23.42
  23.43
  23.42
  23.42
  23.42
  23.42
  23.42
  23.42
  23.42
  23.42
  23.42
  23.42
  23.42
  23.42
  23.42
  23.42
  23.43
  23.43
  23.43
  23.43
  23.43
  23.44
  23.46
  23.46
  23.46
  23.46
  23.49
  23.49
  23.51
  23.53
  23.56
  23.56
  23.56
  23.64
  23.66
  23.69
  23.74
  23.74
  23.75
  23.80
  23.83
  23.86
  23.86
  23.90
  23.91
  23.93
  23.94
  23.93
  23.93
  23.94
  24.37
  23.96
  24.07
  24.09
  24.09
  24.07
  24.11
  24.14
  24.14
  24.15
  24.27
  24.32
  24.32
  24.29
  24.29
  24.29
  24.29
  24.24
  24.24
  24.22
  24.19
  24.19
  24.18
  24.14
  24.13
  24.10
  24.10
  24.08
  24.08
  24.07
  24.07
  24.07
  24.08
  24.08
  24.09
  24.09
  24.09
  24.14
  24.15
  24.14
  24.14
  24.11
  24.11
  24.11
  24.11
  24.14
  24.22
  24.21
  24.21
  24.19
  24.17
  24.11
  24.10
  24.09
  24.09
  24.09
  24.11
  24.11
  24.11
  24.10
  24.10
  24.09
  24.09
  24.07
  24.04
  24.04
  24.01
  23.99
  23.96
  23.94
  23.91
  23.91
  23.91
  23.91
  23.91
  23.89
  23.89
  23.91
  23.89
  23.90
  23.89
  23.91
  23.93
  23.94
  23.93
  23.94
  23.94
  23.95
  23.95
  23.94
  23.91
  23.95
  23.91
  23.89
  23.91
  23.91
  23.91
  23.91
  23.94
  23.94
  23.94
  23.91
  23.91
  23.91
  23.91
  23.91
  23.94
  23.94
  23.94
  23.94
  23.94
  23.96
  23.99
  23.99
  23.99
  23.99
  23.99
  23.99
  23.99
  23.99
  23.96
  23.98
  23.99
  24.01
  23.99
  24.01
  24.03
  24.07
  24.07
  24.08
  24.08
  24.10
  24.11
  24.11
  24.11
  24.11
  24.11
  24.11
  24.10
  24.10
  24.11
  24.11
  24.11
  24.11
  24.11
  24.11
  24.11
  24.10
  24.10
  24.10
  24.10
  24.10
  24.10
  24.10
  24.10
  24.10
  24.10
  24.09
  24.07
  24.04
  23.99
  23.93
  23.89
  23.86
  23.86
  23.84
  23.84
  23.84
  23.83
  23.83
  23.83
  23.83
  23.80
  23.81
  23.81
  23.81
  23.81
  23.81
  23.81
  23.81
  23.84
  23.84
  23.84
  23.84
  23.84
  23.84
  23.84
  23.84
  23.84
  23.84
  23.84
  23.86
  23.86
  23.89
  23.89
  23.91
  23.95
  23.96
  23.96
  23.98
  23.99
  23.99
  24.04
  24.07
  24.07
  24.07
  24.03
  24.01
  24.01
  24.01
  24.04
  24.07
  24.10
  24.11
  24.14
  24.14
  24.17
  24.14
  24.14
  24.17
  24.19
  24.19
  24.21
  24.21
  24.22
  24.23
  24.22
  24.22
  24.22
  24.23
  24.22
  24.21
  24.19
  24.19
  24.19
  24.19
  24.17
  24.17
  24.17
  24.15
  24.17
  24.15
  24.17
  24.15
  24.15
  24.17
  24.17
  24.19
  24.19
  24.17
  24.18
  24.19
  24.19
  24.19
  24.19
  24.19
  24.19
  24.19
  24.19
  24.19
  24.19
  24.21
  24.22
  24.21
  24.22
  24.22
  24.22
  24.23
  24.24
  24.24
  24.24
  24.24
  24.24
  24.24
  24.24
  24.24
  24.24
  24.26
  24.26
  24.24
  24.26
  24.24
  24.24
  24.24
  24.27
  24.27
  24.27
  24.27
  24.28
  24.29
  24.29
  24.29
  24.29
  24.35
  24.35
  24.35
  24.35
  24.35
  24.35
  24.35
  24.35
  24.35
  24.35
  24.35
  24.35
  24.35
  24.35
  24.35
  24.35
  24.36
  24.37
  24.37
  24.37
  24.37
  24.37
  24.40
  24.41
  24.40
  24.42
  24.44
  24.44
  24.47
  24.47
  24.47
  24.48
  24.50
  24.52
  24.50
  24.48
  24.50
  24.51
  24.50
  24.50
  24.42
  24.42
  24.42
  24.43
  24.43
  24.42
  24.42
  24.42
  24.42
  24.42
  24.42
  24.40
  24.40
  24.40
  24.40
  24.37
  24.37
  24.36
  24.35
  24.36
  24.35
  24.35
  24.35
  24.35
  24.33
  24.32
  24.32
  24.32
  24.32
  24.32
  24.32
  24.32
  24.32
  24.29
  24.29
  24.27
  24.24
  24.24
  24.24
  24.23
  24.22
  24.24
  24.22
  24.22
  24.22
  24.22
  24.22
  24.22
  24.22
  24.22
  24.22
  24.22
  24.22
  24.19
  24.21
  24.22
  24.22
  24.24
  24.24
  24.24
  24.27
  24.29
  24.28
  24.27
  24.24
  24.24
  24.24
  24.24
  24.24
  24.24
  24.24
  24.24
  24.24
  24.24
  24.24
  24.22
  24.22
  24.22
  24.23
  24.24
  24.24
  24.24
  24.23
  24.24
  24.24
  24.22
  24.22
  24.22
  24.22
  24.22
  24.19
  24.14
  24.09
  24.05
  23.96
  23.91
  23.85
  23.86
  23.80
  23.70
  23.64
  23.61
  23.58
  23.57
  23.52
  23.56
  23.53
  23.55
  23.56
  23.58
  23.58
  23.61
  23.66
  23.66
  23.69
  23.70
  23.71
  23.74
  23.74
  23.76
  23.79
  23.81
  23.80
  23.83
  23.85
  23.86
  23.86
  23.89
  23.94
  23.95
  23.99
  23.99
  23.96
  23.99
  23.96
  23.96
  23.98
  23.98
  23.98
  23.98
  23.96
  23.99
  23.99
  23.99
  23.99
  23.99
  24.00
  24.01
  24.01
  24.01
  24.01
  24.01
  24.01
  24.04
  24.04
  24.07
  24.07
  24.07
  24.08
  24.08
  24.09
  24.11
  24.11
  24.11
  24.11
  24.14
  24.15
  24.14
  24.14
  24.14
  24.14
  24.14
  24.17
  24.19
  24.22
  24.24
  24.24
  24.22
  24.22
  24.24
  24.22
  24.22
  24.21
  24.19
  24.18
  24.17
  24.17
  24.11
  24.11
  24.10
  24.10
  24.08
  24.08
  24.09
  24.09
  24.10
  24.11
  24.13
  24.14
  24.15
  24.17
  24.19
  24.11
  24.07
  24.01
  24.00
  24.01
  24.04
  24.04
  24.07
  24.07
  24.07
  24.08
  24.09
  24.09
  24.10
  24.10
  24.11
  24.11
  24.11
  24.11
  24.11
  24.11
  24.11
  24.11
  24.11
  24.11
  24.11
  24.11
  24.11
  24.11
  24.11
  24.11
  24.11
  24.11
  24.11
  24.11
  24.11
  24.11
  24.11
  24.11
  24.11
  24.11
  24.11
  24.11
  24.11
  24.11
  24.11
  24.11
  24.11
  24.11
  24.11
  24.11
  24.11
  24.11
  24.11
  24.11
  24.11
  24.11
  24.11
  24.11
  24.11
  24.11
  24.11
  24.11
  24.11
  24.11
  24.11
  24.11
  24.11
  24.14
  24.14
  24.14
  24.14
  24.14
  24.14
  24.17
  24.17
  24.19
  24.21
  24.22
  24.21
  24.21
  24.21
  24.21
  24.21
  24.21
  24.22
  24.21
  24.21
  24.19
  24.19
  24.21
  24.22
  24.22
  24.22
  24.22
  24.22
  24.21
  24.23
  24.23
  24.23
  24.23
  24.23
  24.23
  24.17
  24.01
  23.99
  24.08
  24.11
  24.15
  24.21
  24.21
  24.15
  24.09
  24.04
  23.99
  23.96
  23.96
  23.99
  23.98
  23.98
  23.98
  23.95
  23.94
  23.93
  23.91
  23.89
  23.86
  23.83
  23.84
  23.84
  23.84
  23.84
  23.84
  23.84
  23.84
  23.83
  23.81
  23.80
  23.81
  23.81
  23.80
  23.81
  23.84
  23.83
  23.84
  23.84
  23.86
  23.89
  23.84
  23.84
  23.86
  23.84
  23.84
  23.91
  23.96
  23.96
  23.99
  23.99
  23.96
  24.00
  24.08
  24.09
  24.09
  24.09
  24.09
  24.07
  24.07
  24.04
  24.04
  24.01
  24.04
  23.99
  23.94
  23.84
  23.79
  23.55
  23.46
  23.31
  23.28
  23.31
  23.31
  23.31
  23.33
  23.38
  23.39
  23.41
  23.42
  23.42
  23.39
  23.36
  23.33
  23.31
  23.31
  23.29
  23.28
  23.28
  23.29
  23.28
  23.31
  23.31
  23.32
  23.32
  23.33
  23.33
  23.35
  23.36
  23.36
  23.31
  23.26
  23.22
  23.23
  23.27
  23.27
  23.28
  23.28
  23.28
  23.31
  23.31
  23.31
  23.31
  23.32
  23.32
  23.32
  23.32
  23.32
  23.33
  23.29
  23.23
  23.23
  23.23
  23.23
  23.22
  23.23
  23.23
  23.24
  23.26
  23.28
  23.28
  23.31
  23.32
  23.36
  23.41
  23.42
  23.42
  23.42
  23.43
  23.43
  23.43
  23.43
  23.43
  23.46
  23.46
  23.49
  23.49
  23.51
  23.51
  23.53
  23.53
  23.55
  23.56
  23.56
  23.55
  23.53
  23.51
  23.51
  23.51
  23.51
  23.51
  23.52
  23.53
  23.53
  23.51
  23.51
  23.53
  23.56
  23.56
  23.56
  23.58
  23.61
  23.61
  23.61
  23.61
  23.66
  23.66
  23.66
  23.69
  23.71
  23.81
  23.86
  23.94
  23.94
  23.99
  24.08
  24.11
  24.14
  24.17
  24.17
  24.17
  24.17
  24.17
  24.19
  24.21
  24.22
  24.24
  24.23
  24.22
  24.22
  24.24
  24.24
  24.24
  24.24
  24.24
  24.24
  24.27
  24.24
  24.24
  24.24
  24.24
  24.24
  24.24
  24.27
  24.27
  24.27
  24.29
  24.29
  24.29
  24.29
  24.29
  24.29
  24.29
  24.32
  24.32
  24.32
  24.32
  24.32
  24.32
  24.32
  24.32
  24.32
  24.32
  24.32
  24.32
  24.32
  24.32
  24.35
  24.35
  24.35
  24.35
  24.35
  24.35
  24.35
  24.35
  24.35
  24.32
  24.32
  24.32
  24.35
  24.35
  24.35
  24.35
  24.36
  24.36
  24.37
  24.37
  24.37
  24.37
  24.40
  24.40
  24.40
  24.40
  24.42
  24.42
  24.42
  24.42
  24.42
  24.43
  24.44
  24.44
  24.44
  24.47
  24.47
  24.47
  24.47
  24.46
  24.44
  24.44
  24.44
  24.44
  24.44
  24.47
  24.48
  24.50
  24.50
  24.50
  24.50
  24.50
  24.50
  24.50
  24.50
  24.48
  24.47
  24.47
  24.48
  24.48
  24.48
  24.48
  24.35
  24.27
  24.24
  24.24
  24.27
  24.33
  24.37
  24.40
  24.40
  24.40
  24.40
  24.38
  24.37
  24.35
  24.36
  24.35
  24.32
  24.33
  24.35
  24.32
  24.35
  24.32
  24.35
  24.35
  24.35
  24.33
  24.32
  24.30
  24.29
  24.24
  24.24
  24.22
  24.21
  24.21
  24.19
  24.22
  24.22
  24.22
  24.22
  24.22
  24.23
  24.23
  24.24
  24.24
  24.24
  24.26
  24.27
  24.28
  24.32
  24.35
  24.35
  24.35
  24.30
  24.27
  24.24
  24.24
  24.22
  24.22
  24.21
  24.19
  24.17
  24.07
  24.07
  24.01
  23.96
  23.95
  23.96
  23.96
  23.96
  23.96
  23.96
  23.96
  23.96
  23.96
  23.94
  23.91
  23.84
  23.80
  23.80
  23.76
  23.76
  23.76
  23.76
  23.76
  23.75
  23.71
  23.69
  23.70
  23.70
  23.70
  23.70
  23.71
  23.71
  23.71
  23.71
  23.71
  23.74
  23.74
  23.74
  23.74
  23.74
  23.74
  23.71
  23.71
  23.71
  23.70
  23.70
  23.70
  23.70
  23.70
  23.70
  23.70
  23.69
  23.70
  23.71
  23.71
  23.71
  23.71
  23.71
  23.72
  23.74
  23.74
  23.74
  23.71
  23.74
  23.74
  23.74
  23.75
  23.76
  23.76
  23.76
  23.79
  23.79
  23.79
  23.79
  23.79
  23.81
  23.81
  23.81
  23.80
  23.83
  23.83
  23.83
  23.83
  23.83
  23.83
  23.83
  23.83
  23.83
  23.85
  23.85
  23.84
  23.84
  23.85
  23.84
  23.84
  23.84
  23.84
  23.86
  23.86
  23.89
  23.89
  23.89
  23.91
  23.91
  23.89
  23.91
  23.91
  23.91
  23.94
  23.96
  23.98
  23.98
  23.96
  23.98
  23.99
  23.99
  24.04
  24.05
  24.07
  24.11
  24.14
  24.17
  24.19
  24.23
  24.27
  24.28
  24.32
  24.33
  24.35
  24.35
  24.33
  24.33
  24.35
  24.32
  24.35
  24.35
  24.35
  24.35
  24.32
  24.32
  24.32
  24.32
  24.32
  24.32
  24.32
  24.32
  24.32
  24.29
  24.29
  24.28
  24.28
  24.27
  24.27
  24.27
  24.28
  24.28
  24.28
  24.28
  24.28
  24.27
  24.27
  24.27
  24.28
  24.28
  24.28
  24.29
  24.29
  24.29
  24.29
  24.29
  24.29
  24.29
  24.29
  24.29
  24.29
  24.29
  24.29
  24.30
  24.32
  24.32
  24.32
  24.35
  24.35
  24.35
  24.37
  24.36
  24.37
  24.37
  24.37
  24.37
  24.38
  24.40
  24.42
  24.42
  24.40
  24.40
  24.40
  24.37
  24.37
  24.38
  24.40
  24.40
  24.40
  24.43
  24.46
  24.44
  24.44
  24.48
  24.48
  24.47
  24.48
  24.51
  24.57
  24.59
  24.62
  24.59
  24.57
  24.52
  24.35
  24.35
  24.27
  24.24
  24.24
  24.21
  24.19
  24.15
  24.17
  24.19
  24.22
  24.21
  24.19
  24.22
  24.19
  24.22
  24.24
  24.27
  24.29
  24.32
  24.37
  24.46
  24.57
  24.59
  24.61
  24.63
  24.63
  24.63
  24.63
  24.65
  24.65
  24.62
  24.62
  24.62
  24.61
  24.62
  24.62
  24.61
  24.59
  24.59
  24.59
  24.62
  24.59
  24.57
  24.52
  24.55
  24.57
  24.52
  24.55
  24.55
  24.55
  24.61
  24.65
  24.67
  24.67
  24.72
  24.75
  24.72
  24.67
  24.62
  24.55
  24.52
  24.48
  24.48
  24.50
  24.47
  24.48
  24.48
  24.48
  24.48
  24.47
  24.48
  24.47
  24.47
  24.48
  24.47
  24.48
  24.48
  24.48
  24.48
  24.47
  24.47
  24.46
  24.44
  24.42
  24.38
  24.19
  24.09
  24.01
  23.96
  23.94
  23.84
  23.76
  23.72
  23.74
  23.76
  23.76
  23.76
  23.74
  23.71
  23.71
  23.72
  23.74
  23.76
  23.76
  23.79
  23.79
  23.79
  23.78
  23.76
  23.76
  23.79
  23.79
  23.80
  23.81
  23.80
  23.83
  23.83
  23.83
  23.83
  23.83
  23.83
  23.83
  23.83
  23.83
  23.80
  23.81
  23.80
  23.81
  23.76
  23.71
  23.71
  23.71
  23.71
  23.71
  23.71
  23.71
  23.71
  23.72
  23.74
  23.74
  23.79
  23.81
  23.81
  23.80
  23.81
  23.83
  23.83
  23.83
  23.84
  23.84
  23.88
  23.89
  23.91
  23.91
  23.89
  23.86
  23.86
  23.84
  23.84
  23.86
  23.89
  23.89
  23.91
  23.91
  23.94
  23.95
  23.96
  23.99
  23.99
  24.01
  24.04
  24.05
  24.07
  24.04
  24.01
  24.01
  23.99
  23.96
  23.96
  23.96
  23.96
  23.95
  23.96
  23.96
  23.96
  23.96
  23.98
  23.99
  24.01
  24.04
  24.04
  24.04
  24.07
  24.07
  24.07
  24.07
  24.04
  24.04
  24.01
  24.01
  24.01
  24.01
  23.94
  23.94
  23.94
  23.94
  23.93
  23.93
  23.94
  23.93
  23.94
  23.91
  23.91
  23.94
  23.91
  23.91
  23.94
  23.94
  23.94
  23.94
  23.94
  23.94
  23.94
  23.94
  23.93
  23.91
  23.94
  23.93
  23.94
  23.94
  23.94
  23.94
  23.94
  23.94
  23.94
  23.94
  23.94
  23.94
  23.94
  23.94
  23.94
  23.94
  23.94
  23.95
  23.96
  23.98
  23.96
  23.99
  23.99
  23.99
  24.01
  23.99
  24.04
  24.04
  24.04
  24.07
  24.07
  24.09
  24.08
  24.08
  24.09
  24.09
  24.08
  24.09
  24.09
  24.09
  24.09
  24.10
  24.11
  24.11
  24.11
  24.14
  24.14
  24.14
  24.14
  24.14
  24.15
  24.14
  24.18
  24.22
  24.22
  24.24
  24.27
  24.32
  24.35
  24.35
  24.37
  24.40
  24.40
  24.42
  24.42
  24.42
  24.44
  24.43
  24.44
  24.44
  24.44
  24.40
  24.40
  24.40
  24.37
  24.35
  24.35
  24.32
  24.35
  24.35
  24.37
  24.37
  24.37
  24.35
  24.32
  24.29
  24.24
  24.21
  24.17
  24.15
  24.15
  24.17
  24.14
  24.13
  24.11
  24.10
  23.96
  23.99
  23.93
  23.91
  23.91
  23.91
  23.89
  23.83
  23.83
  23.84
  23.84
  23.84
  23.84
  23.86
  23.86
  23.86
  23.86
  23.80
  23.79
  23.76
  23.76
  23.74
  23.75
  23.74
  23.75
  23.76
  23.76
  23.79
  23.81
  23.79
  23.81
  23.83
  23.80
  23.69
  23.84
  23.99
  24.01
  24.04
  24.04
  24.04
  24.04
  23.99
  24.04
  24.07
  24.08
  24.09
  24.09
  24.11
  24.11
  24.11
  24.09
  24.03
  24.01
  23.99
  23.81
  23.56
  23.47
  23.43
  23.41
  23.43
  23.41
  23.41
  23.39
  23.41
  23.38
  23.38
  23.33
  23.31
  23.29
  23.16
  23.03
  23.01
  22.98
  23.00
  23.01
  23.01
  22.98
  22.98
  22.95
  22.95
  22.95
  22.95
  22.98
  22.98
  22.95
  22.93
  22.93
  22.89
  22.87
  22.86
  22.86
  22.86
  22.86
  22.86
  22.87
  22.91
  22.92
  22.93
  22.98
  22.98
  23.01
  23.06
  23.08
  23.10
  23.12
  23.13
  23.16
  23.18
  23.18
  23.26
  23.26
  23.29
  23.33
  23.38
  23.39
  23.42
  23.42
  23.43
  23.43
  23.46
  23.46
  23.46
  23.46
  23.46
  23.47
  23.49
  23.51
  23.51
  23.51
  23.52
  23.53
  23.53
  23.53
  23.53
  23.53
  23.55
  23.55
  23.56
  23.56
  23.56
  23.56
  23.59
  23.61
  23.61
  23.64
  23.64
  23.66
  23.66
  23.66
  23.66
  23.66
  23.68
  23.69
  23.70
  23.70
  23.70
  23.69
  23.69
  23.70
  23.70
  23.70
  23.70
  23.70
  23.70
  23.70
  23.70
  23.70
  23.70
  23.70
  23.70
  23.69
  23.69
  23.69
  23.71
  23.71
  23.71
  23.71
  23.71
  23.74
  23.71
  23.71
  23.72
  23.72
  23.74
  23.74
  23.76
  23.76
  23.76
  23.76
  23.79
  23.79
  23.79
  23.79
  23.79
  23.79
  23.79
  23.79
  23.79
  23.80
  23.80
  23.81
  23.81
  23.81
  23.80
  23.79
  23.79
  23.79
  23.79
  23.79
  23.79
  23.79
  23.79
  23.79
  23.79
  23.79
  23.79
  23.79
  23.79
  23.78
  23.78
  23.78
  23.78
  23.79
  23.79
  23.79
  23.79
  23.79
  23.79
  23.79
  23.79
  23.79
  23.79
  23.80
  23.80
  23.79
  23.79
  23.79
  23.80
  23.81
  23.81
  23.80
  23.81
  23.81
  23.81
  23.81
  23.68
  23.66
  23.63
  23.58
  23.56
  23.56
  23.58
  23.56
  23.56
  23.56
  23.56
  23.58
  23.61
  23.61
  23.65
  23.68
  23.71
  23.71
  23.72
  23.74
  23.76
  23.76
  23.76
  23.71
  23.70
  23.66
  23.64
  23.64
  23.61
  23.61
  23.61
  23.59
  23.61
  23.61
  23.61
  23.61
  23.61
  23.61
  23.63
  23.63
  23.64
  23.64
  23.64
  23.64
  23.64
  23.64
  23.64
  23.61
  23.23
  23.13
  23.11
  23.03
  22.91
  22.85
  22.83
  22.80
  22.85
  22.91
  23.01
  23.06
  23.16
  23.24
  23.36
  23.53
  23.58
  23.58
  23.59
  23.61
  23.64
  23.64
  23.66
  23.66
  23.66
  23.66
  23.66
  23.66
  23.66
  23.66
  23.56
  23.51
  23.43
  23.42
  23.38
  23.35
  23.33
  23.31
  23.31
  23.28
  23.29
  23.27
  23.26
  23.26
  23.21
  23.14
  23.13
  23.13
  23.13
  23.12
  23.13
  23.11
  23.11
  23.11
  23.11
  23.08
  23.11
  23.08
  23.08
  23.11
  23.11
  23.11
  23.13
  23.13
  23.11
  23.11
  23.11
  23.11
  23.11
  23.11
  23.11
  23.11
  23.11
  23.08
  22.99
  22.87
  22.86
  22.78
  22.70
  22.70
  22.63
  22.60
  22.60
  22.58
  22.56
  22.55
  22.55
  22.55
  22.55
  22.55
  22.58
  22.55
  22.55
  22.55
  22.52
  22.50
  22.50
  22.46
  22.45
  22.27
  22.02
  21.99
  21.94
  21.94
  21.92
  21.93
  21.93
  21.93
  21.94
  21.98
  22.02
  22.02
  22.02
  22.03
  22.06
  22.12
  22.14
  22.14
  22.20
  22.23
  22.27
  22.35
  22.39
  22.48
  22.48
  22.50
  22.55
  22.55
  22.55
  22.60
  22.58
  22.59
  22.56
  22.55
  22.60
  22.65
  22.72
  22.72
  22.75
  22.78
  22.80
  22.80
  22.91
  22.91
  22.94
  22.93
  22.95
  22.95
  22.98
  23.00
  23.01
  23.01
  23.01
  23.03
  23.03
  23.03
  23.04
  23.03
  23.04
  23.04
  23.04
  23.03
  23.03
  23.03
  23.03
  23.03
  23.03
  23.03
  23.03
  23.03
  23.03
  23.03
  23.03
  23.03
  23.03
  23.03
  23.03
  23.03
  23.03
  23.03
  23.03
  23.01
  23.03
  23.04
  23.03
  23.03
  23.03
  23.06
  23.06
  23.06
  23.06
  23.06
  23.06
  23.06
  23.06
  23.06
  23.06
  23.06
  23.07
  23.07
  23.08
  23.08
  23.08
  23.08
  23.08
  23.08
  23.08
  23.08
  23.08
  23.08
  23.08
  23.08
  23.10
  23.10
  23.10
  23.08
  23.11
  23.08
  23.08
  23.08
  23.08
  23.10
  23.11
  23.11
  23.11
  23.11
  23.11
  23.11
  23.11
  23.11
  23.11
  23.13
  23.13
  23.13
  23.13
  23.13
  23.13
  23.13
  23.13
  23.14
  23.14
  23.14
  23.16
  23.16
  23.16
  23.16
  23.14
  23.13
  23.13
  23.11
  23.11
  23.10
  23.10
  23.11
  23.11
