19.4646
19.4696
19.5698
19.6015
19.4588
19.6151
19.6993
19.6375
19.4934
19.2414
19.0552
18.8365
18.6842
18.5177
18.3523
18.2365
18.1586
18.0829
18.1211
18.0940
18.1211
18.1270
18.2254
18.5214
18.7907
18.8940
19.0726
19.4033
19.8121
20.5210
20.7303
20.8937
21.0343
21.1716
21.1709
21.1392
21.2448
21.3635
21.3614
21.5171
21.6473
21.7653
21.8944
21.8860
21.8950
21.9313
22.3479
22.5787
22.2238
22.0551
22.3098
22.4869
22.8439
22.8886
22.8419
22.8955
22.9683
23.1540
23.1759
23.1431
23.1547
23.1479
23.2060
23.1862
23.2881
23.2806
23.2970
23.3052
23.3618
23.3208
23.2922
23.3298
23.3345
23.3693
23.4103
23.4219
23.4444
23.4437
23.4410
23.4798
23.5384
23.5398
23.5466
23.6010
23.5874
23.6024
23.6268
23.6459
23.6595
23.6690
23.6840
23.6894
23.6982
23.7145
23.7329
23.7233
23.6779
23.6649
23.6941
23.7030
23.6989
23.6642
23.6296
23.6207
23.6391
23.6235
23.6194
23.6405
23.6609
23.6574
23.6609
23.6738
23.6779
23.7858
23.8299
23.8577
23.8638
23.8726
23.8726
23.8665
23.8523
23.8563
23.8638
23.8604
23.8570
23.8611
23.8604
23.8591
23.8584
23.8448
23.8489
23.8598
23.8713
23.8821
23.8774
23.8916
23.8814
23.8794
23.8625
23.9011
23.9045
23.9187
23.8869
23.8780
23.8801
23.8801
23.8842
23.8794
23.8774
23.8346
23.8611
23.8326
23.8414
23.8536
23.8333
23.8374
23.8387
23.8286
23.8245
23.8225
23.8130
23.4192
23.3113
23.3598
23.4028
23.3789
23.3591
23.3782
23.3905
23.4382
23.4389
23.4730
23.4143
23.4518
23.4751
23.5187
23.5486
23.5588
23.5759
23.5853
23.6316
23.6513
23.6656
23.6962
23.6975
23.6962
23.6962
23.7010
23.6941
23.2135
23.1903
23.1623
23.1034
23.0458
22.9800
22.9607
22.9635
22.9696
22.9751
22.9587
22.9559
22.9415
23.1157
23.2259
23.2676
23.2498
23.2512
23.2573
23.2307
23.2375
23.2334
23.2177
23.1704
23.1232
23.0355
22.9449
22.8666
22.7992
22.6519
22.6098
22.1836
21.5465
21.4021
21.3130
21.3123
21.1667
21.0674
20.9771
20.9425
20.9996
22.2363
22.6008
22.4869
22.3769
22.1649
21.9584
21.9640
22.0725
21.9410
21.5892
21.3705
21.0625
20.9008
20.8782
20.8450
20.8294
20.8336
20.8280
20.8294
20.8145
20.8188
20.8188
20.8238
20.7969
20.7721
20.7650
20.7579
20.7190
20.6687
20.6552
20.6453
20.6382
20.6354
20.5147
20.4230
20.3425
20.2969
20.1714
20.1443
20.1421
20.1807
20.2320
20.2719
20.3105
20.3845
20.4301
20.5054
20.5097
20.5147
20.4898
20.5239
20.5566
20.6034
20.6573
20.7140
20.8004
20.8160
20.7388
20.6963
20.6658
20.6247
20.5793
20.0678
19.5028
19.1567
18.6339
18.6624
18.8845
19.1523
19.2219
19.2204
19.3513
19.3665
19.1943
19.0530
18.9289
18.7783
18.6646
18.5514
18.4446
18.4183
18.1513
18.0181
17.9430
17.8936
17.7578
17.7023
17.6682
17.7089
17.7378
17.8811
17.8700
17.7710
17.7703
17.8095
17.8043
17.8161
17.8360
17.8397
17.8641
17.8707
17.9444
18.0226
18.1609
18.2115
18.2189
18.3304
18.6018
18.6288
18.2886
18.2600
18.2776
18.2930
18.2974
18.4893
19.1154
19.4257
19.9390
19.8903
19.9948
20.2171
20.2741
20.0914
19.7561
19.7029
19.8451
19.9217
20.1864
20.4713
20.7240
20.8768
20.9757
21.2138
21.5829
21.8651
22.0711
22.2946
22.3756
22.5049
22.5339
22.5925
22.6629
22.6863
22.7325
22.7538
22.8020
22.8040
22.8233
22.8267
22.8384
22.8323
22.8384
22.8260
22.8164
22.8116
22.8109
22.8123
22.7937
22.7814
22.7827
22.7923
22.7903
22.8164
22.8426
22.8577
22.8852
22.9140
22.9532
22.9937
23.0663
23.1184
23.1821
23.2129
23.2936
23.3584
23.4307
23.4648
23.4941
23.5473
23.5731
23.5874
23.6146
23.6200
23.6248
23.6649
23.6527
23.6364
23.6057
23.5745
23.5847
23.5983
23.6139
23.6153
23.6119
23.5922
23.3004
23.0712
22.9628
22.9737
22.9284
22.8865
22.8426
22.7868
22.7566
22.6973
22.5822
22.4993
22.4724
22.4309
22.4185
22.3873
22.3887
22.3416
22.3769
22.3756
22.3707
22.3894
22.3853
22.3818
22.3839
22.3756
22.3970
22.3873
22.4164
22.3887
22.4261
22.4116
22.4524
22.4302
22.4275
22.4129
22.4323
22.4489
22.4807
22.4496
22.4392
22.4267
22.3998
22.3845
22.3631
22.3465
22.3223
22.2696
22.2245
22.0739
22.0530
21.9988
22.0148
22.0384
22.0607
22.0572
22.0739
22.0857
22.0899
22.0947
22.1107
22.1190
22.1197
22.0822
22.0356
22.0266
22.0391
21.9960
21.9459
21.9194
21.9160
21.8971
21.8211
21.7737
21.7332
21.7046
21.7821
21.8288
22.0760
22.1149
21.9563
21.9521
22.1149
22.2488
22.4219
22.3576
22.2925
22.1239
22.0746
22.0440
22.0266
22.0113
22.0106
22.0259
22.0398
22.0537
22.1114
22.1024
21.9974
21.8274
21.7918
21.7688
21.7940
21.8253
21.8393
21.8658
21.9090
21.9138
21.9438
22.0127
22.0530
22.0857
22.1482
22.1538
22.1461
22.1794
22.1968
22.2259
22.2793
22.3181
22.3327
22.3742
22.4399
22.4862
22.5566
22.5995
22.6573
22.7242
22.7359
22.7214
22.7132
22.7091
22.7077
22.7042
22.6973
22.6863
22.6773
22.6505
21.5626
21.1899
21.1244
20.9030
20.6814
20.5807
20.3817
20.2406
20.3162
20.2919
20.2156
20.1242
20.0192
20.0370
20.0485
20.1514
20.2413
20.2634
20.2798
20.3347
20.3482
20.4201
20.4073
20.4080
20.3831
20.3575
20.3275
20.2877
20.2641
20.2220
20.1735
20.1657
20.1428
19.7201
19.4696
19.4054
19.4336
19.4934
19.5122
19.4299
19.4076
19.4011
19.3137
18.8474
18.8976
18.9979
19.0117
18.9485
18.7229
18.8852
18.9507
18.9812
19.0334
19.2204
19.2949
19.3621
19.5042
19.7058
20.1771
20.5707
20.6914
20.6665
21.3895
21.8518
22.0384
22.0078
22.1392
22.2911
22.3437
22.3956
22.4192
22.3084
22.3791
22.5373
22.7214
22.8157
22.9051
22.9449
23.0252
23.0355
23.1123
23.1739
23.2546
23.2382
23.2559
23.2703
23.2765
23.2990
23.3304
23.3345
23.3079
23.2887
23.2348
23.2149
23.2074
23.2519
23.3120
23.3960
23.4233
23.4389
23.4362
23.4328
23.4812
23.4621
23.4655
23.4614
23.4757
23.5227
23.5445
23.5616
23.6561
23.6772
23.6663
23.6799
23.6969
23.6846
23.6812
23.6690
23.6534
23.6507
23.6649
23.6663
23.6609
23.6418
23.6439
23.6527
23.6677
23.6683
23.6731
23.6690
23.6697
23.6887
23.7071
23.7227
23.7369
23.7478
23.7369
23.7247
23.7159
23.7078
23.6969
23.6792
23.6690
23.6710
23.7043
23.7084
23.7458
23.7559
23.7600
23.7505
23.7566
23.7505
23.7607
23.7953
23.8407
23.8354
23.8414
23.8543
23.8570
23.8530
23.8536
23.8794
23.8842
23.8943
23.8909
23.8957
23.8984
23.8895
23.8807
23.8692
23.8563
23.8414
23.8204
23.8109
23.7926
23.7817
23.7620
23.7485
23.7261
23.7125
23.7016
23.6588
23.6200
23.5963
23.5683
23.5343
23.4777
23.4437
23.4096
23.3939
23.3693
23.3311
23.3140
23.2724
23.2607
23.1910
23.1513
23.1225
23.1054
23.1054
23.1026
23.0547
23.0177
22.9964
22.9786
22.9587
22.9422
22.9332
22.9168
22.9037
22.8900
22.8556
22.8426
22.8357
22.8260
22.8171
22.7428
22.7380
22.7455
22.7503
22.7091
22.7187
22.7242
22.6781
22.6311
22.5829
22.6698
22.7318
22.8542
22.8831
22.9181
22.9381
22.9332
23.0335
23.1191
23.1684
23.2498
23.3257
23.3598
23.3509
23.3605
23.3577
23.3502
23.3448
23.3284
23.3147
23.3140
23.3065
23.3038
23.2758
23.2806
23.1568
23.0986
23.0794
23.0458
23.0142
23.0060
23.0012
23.0087
23.0136
23.0293
23.0794
23.0945
23.1109
23.1294
23.1629
23.1917
23.2231
23.2252
23.2641
23.2737
22.3500
22.1933
22.1996
22.4032
22.5249
22.6822
22.8941
22.9731
23.0608
23.1499
23.2252
23.1855
23.1732
21.3797
20.5069
20.3226
20.2070
20.1178
20.0198
19.8988
19.8329
19.7417
19.6698
19.6173
19.5532
19.5540
19.5698
19.5626
19.4213
19.2110
19.0000
19.0197
18.9884
19.0385
19.2277
19.6245
19.8365
19.9920
20.0871
20.1628
20.2192
20.2898
20.3347
20.3468
20.4045
20.3966
20.3226
20.2042
20.1057
20.0470
20.0134
19.9948
19.9662
19.9425
19.9347
19.9089
19.8967
19.9153
19.9354
19.9569
19.9891
20.0062
19.9883
19.8730
19.7489
19.1589
18.7098
18.2673
18.2915
18.3033
18.2468
18.3297
18.3458
18.3487
18.5010
18.4651
18.4022
18.4117
18.7010
18.9790
19.1878
19.6921
20.0120
20.1914
20.4813
20.9488
21.0363
21.0800
21.1568
21.2336
21.2806
21.4449
21.6605
21.7025
21.9591
22.2002
22.4309
22.6663
22.4910
22.4094
22.3707
22.4026
22.4800
22.3375
22.3001
22.3465
22.2655
22.3216
22.3596
22.4060
22.4005
22.4683
22.5587
22.7063
22.8143
22.8783
22.9902
22.9971
23.0759
23.1088
23.2088
23.2806
23.3475
23.3298
23.3455
23.3844
23.4233
23.4567
23.4123
23.3980
23.3823
23.3809
23.3591
23.3434
23.3536
23.3618
23.3693
23.3925
23.3919
23.4225
23.4423
23.3864
23.3734
23.3939
23.4369
23.5023
23.5193
23.5377
23.5302
23.5118
23.4641
23.3837
23.3304
23.2956
23.2983
23.2867
23.3304
23.4007
23.4478
23.4751
23.4934
23.5214
23.5343
23.4996
23.4969
23.5152
23.5159
23.5520
23.5568
23.5901
23.6248
23.6677
23.7573
23.8394
23.8699
23.8922
23.8834
23.8760
23.8598
23.8679
23.8916
23.8882
23.9024
23.9546
23.9078
23.9160
23.9295
23.9173
23.8922
23.8801
23.8625
23.8516
23.8482
23.8516
23.8665
23.8679
23.8625
23.8530
23.8414
23.8272
23.8177
23.8041
23.7913
23.7729
23.1841
22.8604
22.7992
22.7731
22.7910
22.7586
22.7139
22.6105
22.5974
22.5705
22.5691
22.5663
22.5580
22.4938
22.4814
22.5083
22.5014
22.4980
22.4918
22.4558
22.4316
22.4185
22.3569
22.3299
22.3070
22.2925
22.2856
22.2779
22.2731
22.2661
22.2578
22.2557
22.2613
22.2633
22.2668
22.2647
22.2675
22.2641
22.2779
22.2980
22.3174
22.3305
22.3569
22.3672
22.3894
22.3867
22.3922
22.3984
22.4032
22.4503
22.5276
22.5843
22.6898
22.7710
22.8666
22.9587
23.0163
23.0876
23.1013
23.1026
23.1068
23.0519
23.0389
23.0047
22.9806
22.9731
22.9786
22.9827
22.9827
23.0149
23.0266
23.0389
22.9168
22.8034
22.7923
22.8137
22.8742
22.8577
22.8143
22.7566
22.7965
22.8556
22.8687
22.8481
22.8164
22.8632
22.8625
22.8886
22.9532
22.9909
23.0519
23.0835
23.0801
23.0698
23.0848
23.1088
23.1205
23.1444
23.1746
23.1869
23.2013
23.2143
23.2026
23.1999
23.1876
23.1862
22.9635
21.2293
21.0025
21.0808
21.0229
20.9086
20.8053
20.7749
20.8344
20.8238
20.8478
20.8053
20.8570
20.9107
20.9757
20.9891
21.0321
21.0512
21.0349
21.0201
20.9983
21.0229
21.0582
21.1230
21.1273
21.1681
21.2687
21.3277
21.3839
21.4190
21.4652
21.4933
21.5199
21.5451
21.5584
21.5752
21.6270
21.6871
21.7444
21.7667
21.8107
21.8895
21.8853
21.8853
21.9111
21.9333
21.9577
21.9654
21.9904
22.0190
22.0232
21.9967
21.9452
21.6934
21.2152
20.8669
20.6524
20.7615
20.9390
21.0187
21.1449
21.1414
21.2919
21.3895
21.3354
21.2272
21.3270
21.5941
22.0273
22.1558
22.2183
22.2828
22.3901
22.4461
22.5815
22.7607
22.7717
22.7511
22.7359
22.7455
22.7745
22.7600
22.7559
22.7201
22.7132
22.6808
22.6533
22.6311
22.6263
22.6484
22.6643
22.7173
22.7855
22.7889
22.8171
22.8384
22.8398
22.8453
22.8405
22.8584
22.8927
22.8968
22.8962
22.9065
22.9237
22.9326
22.9504
22.9587
22.9614
22.9745
22.9786
22.9820
22.9971
23.0115
23.0108
23.0280
23.0314
23.0335
23.0547
23.0574
23.0821
23.0842
23.0835
23.0739
23.0403
23.0122
22.9484
22.9490
22.9278
22.9648
22.9861
23.0087
23.0369
23.0472
23.0540
23.0972
23.1314
23.1595
23.1944
23.2047
23.2375
23.2785
23.3092
23.3455
23.3482
23.4137
23.4348
23.4866
23.4675
23.4941
23.5636
23.6418
23.6357
23.6411
23.6581
23.7010
23.7078
23.6996
23.7145
23.7424
23.7437
23.7465
23.8021
23.8374
23.8706
23.8672
23.8475
23.8523
23.7981
23.7763
23.7288
23.6812
23.6779
23.7091
23.7220
23.7152
23.7104
23.7159
23.7336
23.7336
23.7458
23.7607
23.7661
23.7919
23.7913
23.7933
23.8075
23.8238
23.8326
23.8482
23.8563
23.8930
23.9295
23.9661
23.9952
24.0283
24.0121
23.9959
23.9864
23.9817
23.9641
23.9749
23.9573
23.9485
23.9363
23.9485
23.9431
23.9404
23.9431
23.9295
23.9234
23.9234
23.9207
23.9126
23.8733
23.8190
23.8136
23.7905
23.7620
23.7688
23.7661
23.7526
23.7465
23.7193
23.7274
23.7240
23.6785
23.6527
23.6554
23.6534
23.6452
23.6337
23.6357
23.6398
23.6656
23.7125
23.7878
23.6921
23.7268
23.8096
23.8692
23.9072
23.9329
23.9458
23.9512
23.9376
23.9241
23.9160
23.8895
23.8679
23.8509
23.8435
23.8346
23.8170
23.8089
23.8034
23.8041
23.8069
23.8102
23.8143
23.8143
23.8122
23.8096
23.8177
23.8225
23.8238
23.8245
23.8258
23.8286
23.8346
23.8238
23.7336
23.6384
23.5010
23.4853
23.4048
23.3557
23.3830
23.4859
23.5554
23.5908
23.6425
23.6445
23.6568
23.6853
23.7118
23.7356
23.7668
23.8055
23.8346
23.8686
23.8807
23.8957
23.9045
23.9099
23.9201
23.9255
23.9336
23.9343
23.9424
23.9471
23.9579
23.9600
23.9546
23.9552
23.9654
23.9654
23.7634
22.8776
22.9525
22.9621
22.6305
22.5663
22.5594
22.5939
22.6353
22.6581
22.6263
22.6188
22.5401
22.4765
22.4067
22.4205
22.4413
22.4164
22.3617
22.3506
22.3409
22.3576
22.3873
22.4281
22.4599
22.4834
22.4828
22.4641
22.4503
22.4094
22.3887
22.3555
22.3624
22.3555
22.3596
22.3506
22.3652
22.3818
22.3977
22.3811
22.3742
22.3693
22.3693
22.3590
22.3604
22.3541
22.3430
22.2551
22.1843
22.0635
22.0781
22.0725
22.0099
22.0050
22.0607
22.1177
22.1933
22.1892
22.1663
22.1746
22.1947
22.1725
22.2245
22.3313
22.4551
22.5601
22.6222
22.8378
22.8920
22.8412
22.8982
22.9470
22.9978
23.0300
23.0739
23.1479
23.1444
23.2067
23.1540
23.1917
23.1657
23.1807
23.1883
23.2183
23.2765
23.3236
23.3407
23.3693
23.3755
23.3120
23.2716
23.2436
23.2354
23.2177
22.9724
22.9861
22.9250
22.8817
22.8625
22.8529
22.8460
22.8371
22.8240
22.8123
22.8006
22.7449
22.6429
22.6118
22.5801
22.5346
22.4896
22.4233
22.4046
22.3832
22.3693
22.3582
22.3451
22.3423
22.3389
22.3389
22.3763
22.3645
22.3500
22.3645
22.3500
22.3555
22.3624
22.3659
22.3652
22.3610
22.3742
22.3832
22.3915
22.4143
22.4171
22.4233
22.4385
22.4669
22.4993
22.5145
22.5373
22.5111
22.5021
22.4772
22.4931
22.4883
22.4938
22.5367
22.6118
22.6587
22.7008
22.6829
22.6767
22.6760
22.7662
22.7620
22.8336
22.8240
22.8646
22.8707
22.8810
22.9134
22.8968
22.9449
22.9751
22.9786
22.9909
23.0094
23.0094
23.0204
23.0650
23.0794
23.1095
23.1164
23.1239
23.1314
23.2026
23.1807
23.1814
23.2231
23.2519
23.2758
23.3127
23.3024
23.3011
23.3038
23.3065
23.3181
23.3420
23.3530
23.3564
23.3441
23.3407
23.3304
23.3400
23.3352
23.3249
23.3393
23.3311
23.3298
23.3673
23.3365
23.3208
23.3249
23.3208
23.3359
23.3298
23.3393
23.3106
23.3106
23.3031
23.2970
23.2826
23.2860
23.2881
23.3147
23.3113
23.2936
23.2922
23.3106
23.2962
23.3154
23.3400
23.3632
23.3905
23.3925
23.3345
23.3919
23.4791
23.6370
23.7016
23.7043
23.7159
23.7268
23.7308
23.7410
23.7084
23.6969
23.6520
23.6112
23.5602
23.5316
23.5241
23.5234
23.5261
23.5173
23.5152
23.5139
23.5112
23.5132
23.5193
23.5227
23.5227
23.5282
23.5295
23.5357
23.5459
23.5568
23.5738
23.5697
23.5697
23.5568
23.5514
23.5527
23.5527
23.5561
23.5622
23.5772
23.5874
23.5881
23.6085
23.6221
23.6235
23.6296
23.6309
23.6459
23.6561
23.6772
23.6683
23.6833
23.6840
23.6867
23.6921
23.6962
23.6941
23.6887
23.6744
23.6738
23.6677
23.6670
23.6683
23.6629
23.6629
23.6574
23.6574
23.6534
23.6513
23.6418
23.6330
23.6309
23.6160
23.6071
23.5942
23.5806
23.5772
23.5663
23.5616
23.5547
23.5506
23.5459
23.5330
23.5255
23.5152
23.5098
23.5023
23.4928
23.4846
23.4839
23.4846
23.4777
23.4771
23.4791
23.4764
23.4832
23.4805
23.4812
23.4818
23.4839
23.4969
23.5071
23.5125
23.5220
23.5336
23.5336
23.5377
23.5438
23.5411
23.5418
23.5404
23.5322
23.5282
23.5207
23.5187
23.5146
23.5132
23.5118
23.5057
23.5289
23.5969
23.5922
23.6085
23.5942
23.6071
23.6133
23.6071
23.5996
23.5874
23.5772
23.5697
23.5643
23.5581
23.5466
23.5357
23.5187
23.5003
23.4880
23.4846
23.4798
23.4764
23.4791
23.4723
23.4744
23.4723
23.4751
23.4777
23.4777
23.4771
23.4826
23.4839
23.4893
23.5214
23.5595
23.5779
23.5901
23.5853
23.5983
23.5996
23.6017
23.6037
23.6133
23.6248
23.6486
23.6642
23.6772
23.7016
23.7071
23.7145
23.7227
23.7322
23.7627
23.7756
23.7702
23.7709
23.7824
23.8211
23.8435
23.8760
23.8970
23.8943
23.8882
23.8957
23.9180
23.9390
23.9417
23.9519
23.9512
23.9681
23.9667
23.9823
23.9837
23.9783
23.9877
24.0026
24.0229
24.0290
24.0628
24.0757
24.1101
24.1297
24.1439
24.1628
24.1682
24.1736
24.1749
24.1891
24.1904
24.1918
24.1992
24.2073
24.2094
24.2107
24.2201
24.2222
24.2228
24.2201
24.2120
24.2060
24.2067
24.2188
24.2282
24.2410
24.2343
24.2491
24.2660
24.2653
24.2727
24.2707
24.2815
24.2963
24.2862
24.2956
24.3057
24.3185
24.3239
24.3239
24.3327
24.3435
24.3334
24.3293
24.3307
24.3246
24.3246
24.3381
24.3300
24.3354
24.3421
24.3428
24.3576
24.3650
24.3683
24.3717
24.3656
24.3717
24.3704
24.3791
24.3764
24.3758
24.3704
24.3677
24.3656
24.3690
24.3704
24.3778
24.3791
24.3805
24.3778
24.3764
24.3744
24.3724
24.3697
24.3697
24.3697
24.3677
24.3690
24.3683
24.3650
24.3623
24.3630
24.3617
24.3576
24.3563
24.3489
24.3468
24.3428
24.3462
24.3468
24.3428
24.3347
24.3313
24.2707
24.2485
24.2902
24.3744
24.4107
24.4128
24.4417
24.4538
24.4504
24.4377
24.4168
24.4114
24.4107
24.4087
24.4007
24.3939
24.3912
24.3805
24.3825
24.3771
24.3758
24.3744
24.3697
24.3737
24.3731
24.3731
24.3731
24.3737
24.3771
24.3838
24.3784
24.3683
24.3677
24.3778
24.3832
24.3744
24.3764
24.3791
24.3805
24.3764
24.3751
24.3744
24.3758
24.3751
24.3784
24.3825
24.3845
24.3879
24.3899
24.3960
24.4027
24.4020
24.4034
24.4054
24.4101
24.4148
24.4168
24.4195
24.4235
24.4256
24.4262
24.4242
24.4215
24.4202
24.4222
24.4229
24.4242
24.4242
24.4188
24.4161
24.3825
24.3737
24.3670
24.3663
24.3663
24.3637
24.3643
24.3617
24.3630
24.3623
24.3650
24.3683
24.3798
24.3859
24.3845
24.3825
24.3771
24.3764
24.3690
24.3656
24.3617
24.3596
24.3583
24.3576
24.3569
24.3556
24.3556
24.3542
24.3131
23.9756
23.9085
23.8489
23.8082
23.7933
23.7600
23.7505
23.7227
23.6982
23.6772
23.6724
23.6649
23.6479
23.6636
23.6860
23.7159
23.7532
23.8082
23.8184
23.8706
23.8984
23.9390
23.9667
24.0121
24.0621
24.0736
24.0844
24.0864
24.1081
24.1277
24.1459
24.1587
24.1756
24.1864
24.1999
24.2033
24.2087
24.2147
24.2154
24.2053
24.1985
24.1898
24.1817
24.1790
24.1810
24.1817
24.1850
24.1857
24.1891
24.1898
24.1938
24.1965
24.2013
24.2040
24.2053
24.2114
24.2134
24.2161
24.2195
24.2242
24.2383
24.2437
24.2471
24.2451
24.2403
24.2424
24.2417
24.2397
24.2410
24.2437
24.2586
24.2667
24.2586
24.2498
24.2465
24.2465
24.2451
24.2430
24.2444
24.2451
24.2430
24.2417
24.2417
24.2424
24.2451
24.2430
24.2376
24.2525
24.2727
24.2842
24.2855
24.2788
24.2741
24.2734
24.2721
24.2667
24.2552
24.2491
24.2505
24.2579
24.2559
24.2350
24.1655
24.1661
24.1871
24.2120
24.2242
24.2309
24.2458
24.2465
24.2458
24.2478
24.2579
24.2714
24.2801
24.2882
24.2943
24.2929
24.2977
24.3003
24.2950
24.2963
24.3017
24.2889
24.2815
24.2795
24.2727
24.2694
24.2586
24.2572
24.2559
24.2539
24.2485
24.2444
24.2430
24.2410
24.2403
24.2343
24.2316
24.2309
24.2323
24.2316
24.2316
24.2350
24.2343
24.2323
24.2269
24.2269
24.2275
24.2201
24.2262
24.2329
24.2195
24.1776
24.1695
24.1770
24.1722
24.1790
24.1729
24.1675
24.1756
24.1797
24.1945
24.2026
24.2107
24.2235
24.2235
24.2302
24.2329
24.2363
24.2356
24.2356
24.2397
24.2417
24.2424
24.2417
24.2424
24.2370
24.2397
24.2383
24.2363
24.2356
24.2363
24.2343
24.2222
24.2201
24.2235
24.2242
24.2215
24.2248
24.2228
24.2154
24.2114
24.0709
24.0493
24.0426
24.0513
24.0858
24.1142
24.1317
24.1364
24.1378
24.1344
24.1344
24.1405
24.1466
24.1554
24.1648
24.1763
24.1884
24.1938
24.1992
24.2046
24.2073
24.2073
24.2141
24.2120
24.2046
24.2127
24.2120
24.2141
24.2161
24.2080
24.2114
24.2147
24.2181
24.2201
24.2228
24.2242
24.2222
24.2235
24.2181
24.2120
24.2094
24.2094
24.2107
24.2100
24.2087
24.2134
24.2127
24.2161
24.2195
24.2228
24.2248
24.2262
24.2275
24.2316
24.2356
24.2397
24.2444
24.2465
24.2458
24.2485
24.2518
24.2559
24.2572
24.2586
24.2518
24.2430
24.2363
24.2242
24.2242
24.2228
24.2201
24.2201
24.2195
24.2208
24.2215
24.2242
24.2289
24.2316
24.2329
24.2336
24.2323
24.2323
24.2329
24.2336
24.2350
24.2363
24.2363
24.2424
24.2485
24.2512
24.2512
24.2559
24.2552
24.2545
24.2539
24.2566
24.2606
24.2619
24.2694
24.2714
24.2754
24.2741
24.2835
24.2862
24.2822
24.2795
24.2761
24.2822
24.2875
24.2956
24.2983
24.2956
24.2923
24.2929
24.2963
24.2983
24.3003
24.3030
24.3051
24.3051
24.3037
24.3064
24.3030
24.3010
24.2923
24.2916
24.2963
24.2977
24.2990
24.3024
24.3024
24.2902
24.2855
24.2673
24.2545
24.2390
24.2370
24.2275
24.2269
24.2282
24.2188
24.2188
24.2154
24.2168
24.2215
24.2262
24.2289
24.2343
24.2430
24.2471
24.2532
24.2586
24.2619
24.2680
24.2707
24.2734
24.2754
24.2781
24.2842
24.2842
24.2882
24.2875
24.2896
24.2882
24.2842
24.2606
24.2248
24.2127
24.2053
24.2107
24.2100
24.2073
24.2114
24.2107
24.2067
24.2040
24.2046
24.2060
24.2019
24.1985
24.1945
24.1911
24.1911
24.1904
24.1891
24.1891
24.1891
24.1864
24.1864
24.1877
24.1871
24.1884
24.1891
24.1925
24.1958
24.1972
24.2006
24.2060
24.2107
24.2134
24.2188
24.2100
24.2255
24.2302
24.2208
24.2147
24.2120
24.2033
24.1709
24.1628
24.1817
24.2107
24.2228
24.1743
24.1378
24.0966
24.0797
24.0635
24.0662
24.0695
24.0655
24.0560
24.0493
24.0540
24.0459
24.0276
23.9925
23.9871
23.9972
23.9965
23.9485
23.7852
23.7166
23.7071
23.6139
23.1609
23.0465
22.9154
22.8714
22.8151
22.8040
22.8206
23.0341
24.0371
24.1108
23.9864
23.6180
23.2389
23.0149
22.9559
23.0231
23.0280
23.0780
23.0643
23.0430
23.0937
23.1335
23.2245
23.2470
23.2949
23.3659
23.3816
23.3823
23.3796
23.3748
23.4178
23.4600
23.4628
23.4737
23.5173
23.4907
23.5275
23.5765
23.5888
23.6160
23.6323
23.6432
23.6568
23.6609
23.6908
23.7030
23.7227
23.7220
23.7471
23.7451
23.7580
23.7716
23.7892
23.8136
23.8190
23.8394
23.8258
23.8435
23.8414
23.8577
23.8611
23.8706
23.8780
23.8950
23.8984
23.8970
23.9058
23.9166
23.9234
23.9343
23.9363
23.9383
23.9437
23.9519
23.9579
23.9634
23.9688
23.9708
23.9810
23.9607
23.9261
23.9187
23.9207
23.9248
23.9255
23.9322
23.9417
23.9499
23.9559
23.9607
23.9654
23.9688
23.9769
23.9850
23.9932
23.9979
24.0074
24.0128
24.0216
24.0216
24.0229
24.0276
24.0324
24.0337
24.0337
24.0378
24.0391
24.0398
24.0405
24.0446
24.0506
24.0479
24.0432
24.0432
24.0513
24.0554
24.0344
24.0290
24.0283
24.0222
24.0243
24.0446
24.0527
24.0527
24.0500
24.0459
24.0452
24.0398
24.0337
24.0256
24.0141
24.0060
23.9992
23.9911
23.9877
23.9871
23.9796
23.9708
23.9769
23.9688
23.9742
23.9932
24.0317
24.0662
24.1033
24.1115
24.1115
24.1182
24.1169
24.1196
24.1196
24.1229
24.1324
24.1378
24.1412
24.1500
24.1527
24.1574
24.1594
24.1587
24.1601
24.1601
24.1554
24.1554
24.1547
24.1533
24.1506
24.1506
24.1493
24.1547
24.1540
24.1554
24.1473
24.1445
24.1418
24.1473
24.1554
24.1607
24.1581
24.1506
24.1473
24.1378
24.1324
24.1290
24.0939
23.9593
23.8977
23.8801
23.8713
23.8754
23.8625
23.8638
23.8740
23.8814
23.8570
23.8428
23.8530
23.8475
23.8570
23.8794
23.8930
23.8922
23.8990
23.9133
23.9214
23.9390
23.9187
23.9451
23.9424
23.9539
23.9654
23.9864
23.9952
24.0080
24.0128
24.0216
24.0628
24.1182
24.1520
24.1978
24.2013
24.2222
24.2262
24.2323
24.2465
24.2437
24.2403
24.2444
24.2370
24.2336
24.2208
24.2154
24.1978
24.1985
24.1918
24.1736
24.1911
24.1770
24.1763
24.1743
24.1803
24.1904
24.2040
24.2040
24.2114
24.2188
24.2248
24.2222
24.2282
24.2323
24.2336
24.2336
24.2376
24.2376
24.2376
24.2309
24.2275
24.2255
24.2188
24.1952
24.1445
24.1135
24.0743
24.0324
24.0371
24.0364
24.0256
24.0229
24.0297
24.0432
24.0418
24.0310
23.9972
23.9309
23.8760
23.7994
23.7207
23.6548
23.5861
23.4518
23.1527
23.0012
22.8371
22.7786
22.7580
22.6925
22.6456
22.5263
22.2675
22.0377
21.8442
21.4527
21.3909
21.4140
21.5346
22.0996
22.6760
22.0704
21.9521
21.5955
21.6326
21.3642
21.5108
21.8142
22.1920
22.3970
22.6939
23.4608
23.5268
23.5847
23.6391
23.7247
23.7451
23.7587
23.7016
23.2587
22.8329
22.3548
22.1281
22.1225
22.0635
22.0322
21.9918
21.9772
21.9612
21.8985
21.8595
21.7821
21.6724
21.6920
21.7018
21.7108
21.7080
21.8135
21.8476
22.0370
22.2218
22.2599
22.1954
22.1135
21.7220
21.7262
21.7080
21.7444
21.7374
21.7556
21.7744
21.7974
21.8260
21.8295
21.8128
21.8149
21.8100
21.8183
21.7898
21.7018
21.6885
21.6892
21.6724
21.6710
21.6668
21.6480
21.6382
21.6473
21.6137
21.5962
21.6270
21.6696
21.6948
21.7367
21.7898
21.8470
21.9306
21.9800
22.0482
22.1315
22.1663
22.1690
22.2120
22.2668
22.3409
22.3707
22.4046
22.4357
22.4814
22.4855
22.5208
22.5408
22.5629
22.6077
22.6587
22.7146
22.6980
22.7999
22.7958
22.9017
22.9511
22.9573
22.9642
22.9703
23.0039
23.0218
23.0506
23.0732
23.1054
23.1328
23.1417
23.1465
23.1595
23.1643
23.1834
23.1848
23.1923
23.1944
23.2040
23.2074
23.2088
23.2013
23.1602
23.1034
23.0595
23.0341
23.0204
23.0300
23.0170
23.0142
23.0444
23.0732
23.1040
23.1376
23.1759
23.2033
23.2197
23.2532
23.2962
23.3208
23.3905
23.4103
23.4430
23.4696
23.5003
23.5261
23.5371
23.5520
23.5820
23.6065
23.6276
23.6445
23.6588
23.6690
23.6765
23.6792
23.6853
23.6819
23.6914
23.6928
23.6955
23.7030
23.7037
23.7057
23.7023
23.6962
23.6928
23.6826
23.6799
23.6656
23.6629
23.6629
23.6670
23.6609
23.6642
23.6772
23.6779
23.6751
23.6846
23.6683
23.6894
23.6962
23.7281
23.7261
23.7362
23.7716
23.8102
23.8048
23.7946
23.8062
23.8326
23.8414
23.8631
23.8625
23.8760
23.8984
23.9302
23.9424
23.9478
23.9742
23.9932
24.0019
24.0019
24.0033
24.0026
24.0019
24.0094
24.0074
24.0094
24.0074
24.0033
23.9965
23.9783
23.9614
23.9234
23.7763
23.7139
23.6914
23.7172
23.7872
23.8055
23.8034
23.7960
23.8218
23.8387
23.8346
23.8286
23.8374
23.8482
23.8523
23.8638
23.8651
23.8692
23.8774
23.8842
23.9058
23.8950
23.9329
23.9356
23.9349
23.9471
23.9492
23.9464
23.9451
23.9593
23.9458
23.9485
23.9431
23.9363
23.9390
23.9458
23.9417
23.9499
23.9349
23.9417
23.9478
23.9512
23.9356
23.9275
24.0047
24.0452
24.0588
24.0479
24.0446
24.0439
24.0446
24.0473
24.0378
24.0216
24.0074
24.0101
23.9938
23.9783
23.9607
23.9458
23.9417
23.9349
23.9302
23.9153
23.9126
23.9119
23.9126
23.9153
23.9234
23.9349
23.9444
23.9593
23.9661
23.9708
23.9729
23.9762
23.9769
23.9844
23.9945
24.0013
24.0101
24.0169
24.0195
24.0236
24.0263
24.0317
24.0364
24.0439
24.0473
24.0513
24.0567
24.0628
24.0635
24.0655
24.0655
24.0628
24.0594
24.0466
24.0418
24.0195
24.0080
23.9850
23.9722
23.9674
23.9729
23.9749
23.9972
23.6207
23.0595
22.3617
22.1420
22.0176
22.0433
22.0621
21.8504
21.7570
21.7604
21.6955
21.5066
21.4337
21.4119
21.4042
21.3720
21.2996
21.2476
21.2012
21.1716
21.0321
20.9637
20.8570
20.6403
20.5288
20.4073
20.3297
20.2427
20.1778
20.1028
20.0599
20.1143
20.1728
20.1957
20.2185
20.2299
20.2891
20.3375
20.4109
20.3454
20.3589
20.4009
20.4379
20.4919
20.5118
20.5310
20.5892
20.5707
20.6920
20.6956
20.7764
20.8775
20.9284
21.0053
21.0688
21.1843
21.1055
21.1794
21.3481
21.3832
21.4393
22.2807
22.7318
22.8192
22.8680
22.8721
22.9003
22.8749
22.8542
22.8535
22.8391
22.8529
22.8309
22.8219
22.8309
22.8652
22.8474
22.8522
22.8260
22.8886
22.9765
23.0821
23.1280
23.2806
23.3891
23.4273
23.4716
23.5057
23.5506
23.6411
23.6908
23.8102
23.8313
23.8299
23.8814
23.9113
23.9343
23.9431
23.9756
24.0459
24.0256
24.0263
24.0304
24.0351
23.9837
23.9776
23.9783
23.9925
23.9898
23.9938
24.0189
24.0439
24.0797
24.0581
24.0405
24.0317
24.0141
23.9694
23.8842
23.8360
23.8028
23.7573
23.7655
23.6826
23.6071
23.5336
23.4559
23.4730
23.5520
23.7559
23.8516
23.8936
23.9397
24.0019
24.0324
24.0533
24.0594
24.0682
24.0831
24.0932
24.0966
24.1088
24.1135
24.1196
24.1202
24.1236
24.1250
24.1284
24.1364
24.1371
24.1486
24.1628
24.1675
24.1716
24.1763
24.1830
24.1871
24.1938
24.1925
24.1972
24.2033
24.2073
24.2087
24.2013
24.1985
24.2040
24.2080
24.2080
24.2053
24.1985
24.1952
24.1877
24.1621
24.0358
24.0263
24.0249
24.0446
24.0459
24.0310
24.0364
24.0344
24.0452
24.0364
24.0290
24.0175
24.0114
24.0080
24.0175
24.0276
24.0304
24.0479
24.0439
24.0391
24.0486
24.0574
24.0743
24.0784
24.1020
24.1250
24.1257
24.1527
24.1628
24.1783
24.1877
24.1958
24.1999
24.2060
24.1945
24.1743
24.1378
24.1182
24.1115
24.1169
24.1068
24.0899
24.0784
24.0743
24.0777
24.0777
24.0777
24.0790
24.0804
24.0837
24.0851
24.0757
24.0743
24.0770
24.0736
24.0669
24.0709
24.0824
24.0858
24.0959
24.0892
24.0229
23.9410
23.8225
23.8055
23.8048
23.8238
23.8469
23.8604
23.8536
23.8414
23.7905
23.7254
23.6860
23.6602
23.6418
23.6248
23.6418
23.6316
23.6445
23.6472
23.3482
23.1862
22.9168
22.8281
23.2990
23.5718
23.2279
23.1609
22.4579
22.0391
21.7584
21.7025
21.7088
21.4919
21.4701
21.6095
21.8525
21.9452
22.3001
22.6319
22.7648
21.9333
21.1970
20.9616
20.7629
20.6729
20.5921
20.5175
20.4791
20.3973
20.3568
20.3383
20.3390
20.3233
20.3169
20.3126
20.3119
20.3140
20.0521
19.9784
19.6734
19.5331
19.4747
19.4682
19.4761
19.5266
19.6274
19.6857
19.7094
19.6756
19.5777
19.5079
19.4826
19.4343
19.4054
19.3765
19.3845
19.3838
19.4098
19.4220
19.4444
19.4559
19.4617
19.4660
19.4704
19.4653
19.4617
19.4733
19.4848
19.4992
19.4992
19.5028
19.5107
19.5359
19.4833
19.4855
19.4942
19.4494
19.3376
19.2681
19.2920
19.2291
19.0958
18.9964
19.0610
19.1168
19.1277
19.1704
19.3354
19.4465
19.5705
19.7561
19.7151
19.8565
20.0363
20.3026
20.3055
20.4230
20.5842
20.9806
20.9057
21.1456
21.2750
21.6032
21.9459
21.8755
21.9396
22.0002
22.1329
22.2079
22.3195
22.2745
22.3119
22.3333
22.3721
22.3935
22.4205
22.4164
22.4247
22.4226
22.4434
22.4496
22.4448
22.3922
22.3465
22.3479
22.3514
22.3839
22.4157
22.4219
22.4448
22.4613
22.4724
22.4855
22.5055
22.5145
22.5249
22.5539
22.5767
22.6022
22.6105
22.6194
22.6222
22.6374
22.6629
22.6670
22.6843
22.7091
22.7304
22.7269
22.7972
22.9298
22.9820
23.0403
23.0663
23.0951
23.1109
23.1170
23.1013
23.0842
23.0663
23.0403
23.0163
22.9786
22.9683
22.9545
22.9710
23.0074
23.0170
23.0163
23.0574
23.0856
23.1396
23.2491
23.3550
23.5207
23.5908
23.6316
23.6860
23.7166
23.7444
23.7566
23.7655
23.7749
23.7682
23.7770
23.7933
23.7981
23.8279
23.8475
23.8414
23.8672
23.8760
23.8842
23.8950
23.9051
23.9051
23.9004
23.9045
23.9072
23.8936
23.8746
23.8530
23.8326
23.8211
23.8286
23.8346
23.8407
23.8462
23.8509
23.8496
23.8496
23.8475
23.7817
23.5030
23.5050
23.4880
23.4880
23.4614
23.4492
23.4457
23.4014
23.3762
23.3796
23.3734
23.3755
23.3939
23.4212
23.4307
23.4369
23.4457
23.4669
23.5023
23.4989
23.4907
23.4518
23.4321
23.4539
23.4689
23.4893
23.5030
23.4751
23.4559
23.4382
23.3864
23.3830
23.3455
23.3154
23.2881
23.2696
23.2532
23.2026
23.1773
23.1588
23.1588
23.1739
23.1554
23.1205
23.0814
23.0437
23.0225
23.0005
22.9772
22.8948
22.7449
22.7221
22.7083
22.7221
22.7304
22.7063
22.6311
22.5325
22.3873
22.4330
22.4192
22.2987
22.2717
22.4012
22.5021
22.6822
22.8927
23.2806
23.3448
23.2169
22.9703
22.8577
22.8040
22.7896
22.7634
22.7269
22.7173
22.7297
22.7779
22.7524
22.7841
22.7910
22.8350
22.8728
22.8625
22.8247
22.7662
22.7428
22.6794
22.6284
22.6167
21.4604
21.0505
20.8627
20.8980
21.2356
21.1597
21.0074
20.9114
20.7183
20.5580
20.4066
20.2798
20.2934
20.2463
20.2014
20.2070
20.1856
20.3112
20.3617
20.3311
20.3226
20.2777
20.2527
20.2349
20.1621
20.0928
19.9676
19.6497
19.5208
19.3715
19.1176
19.0472
19.0066
18.9877
18.9768
18.9427
18.9041
18.8584
18.8423
18.8561
18.8911
18.9478
18.9921
19.0073
19.0450
19.0733
18.2438
18.0638
18.0321
17.7104
17.5037
17.5401
17.7378
17.8744
18.1197
18.3802
18.4468
18.4366
18.3787
18.3172
18.2959
18.2615
18.2269
18.2181
18.2189
18.2292
18.2416
18.2615
18.2812
18.2798
18.2688
18.4014
18.5258
18.5543
18.6142
18.6522
18.7222
18.7907
18.8067
18.8322
18.8292
18.8591
18.8511
18.8591
18.8627
18.8613
18.8685
18.8772
18.8882
18.8911
18.8976
18.9122
18.9376
18.9434
18.9419
18.9390
18.9594
18.9448
18.9594
19.1219
19.2631
19.3888
19.5208
19.8916
20.0198
20.1707
20.1921
20.3504
20.5182
20.7303
20.8068
20.9036
20.9256
20.9679
20.9728
20.9912
21.0180
21.0130
21.0392
21.0300
20.9418
20.8733
20.8379
20.8379
20.8457
20.8740
20.8973
20.8980
20.9333
20.9164
20.9100
20.8733
20.8407
20.8188
20.8103
20.7657
20.7650
20.7629
20.7438
20.7041
20.6573
20.6566
20.6375
20.6212
20.6176
20.6261
20.6679
20.9114
21.0681
21.1096
21.1209
21.0723
21.0363
20.8966
20.9234
20.9700
21.0117
21.0032
21.0293
21.1554
21.3193
21.4323
21.4877
21.5248
21.5598
21.6109
21.6780
21.6633
21.6906
21.7437
21.7800
21.8609
21.7912
21.8372
21.8797
21.9285
21.9382
21.9278
21.8713
21.8128
21.7926
21.7653
21.7206
21.7528
21.8086
21.7667
21.5472
21.5115
21.5227
21.7227
22.0343
22.2765
22.3562
22.5498
22.6077
22.6691
22.7463
22.7786
22.7318
22.7180
22.7511
22.7483
22.7751
22.8061
22.8103
22.8927
22.9099
22.9257
22.9669
22.9944
23.0622
23.1164
23.1451
23.1540
23.1513
23.1513
23.1451
23.1424
23.1383
23.1438
23.1533
23.1663
23.1828
23.1971
23.2053
23.2143
23.2204
23.2286
23.2348
23.2423
23.2505
23.2621
23.2716
23.2689
23.2758
23.2689
23.2792
23.2730
23.2860
23.2819
23.2860
23.3215
23.3120
23.3243
23.3379
23.3427
23.3359
23.3386
23.3414
23.3455
23.3516
23.3543
23.3659
23.3687
23.3625
23.3611
23.3659
23.3584
23.3577
23.3468
23.3495
23.3495
23.3386
23.3373
23.3195
23.4055
23.4887
23.4826
23.4682
23.4832
23.5057
23.5343
23.5391
23.5357
23.5398
23.5377
23.5330
23.5132
23.5112
23.5010
23.4880
23.4818
23.4880
23.4812
23.4389
23.4382
23.3884
22.5083
22.3105
22.3555
21.6515
21.5584
23.3721
23.5023
23.3174
22.7469
22.4675
22.1607
21.1815
20.8053
20.5175
20.4727
20.5488
20.6878
20.7764
20.8089
20.7813
20.7579
20.7657
20.7841
20.7962
20.8139
20.4777
20.2335
20.0713
19.8709
19.6835
19.6159
19.5878
19.6015
19.6346
19.6389
19.5756
19.5331
19.4963
19.4905
19.4805
19.4343
19.3924
19.3159
19.2558
19.1712
19.0987
19.0668
19.0632
19.0632
19.0581
19.0400
18.9812
18.9376
18.7302
18.6500
18.6127
18.5850
18.5740
18.5733
18.5879
18.5616
18.5689
18.5697
18.5718
18.5989
18.6251
18.6398
18.6594
18.6938
18.7142
18.7258
18.7382
18.7469
18.7528
18.7659
18.7768
18.2769
18.0601
18.0196
17.9850
17.9658
17.9327
17.8936
17.7829
17.6823
17.7459
17.7784
17.6919
17.4600
17.3552
17.2845
17.0931
17.0169
16.9234
16.8733
16.7887
16.7684
16.7407
16.6784
16.6221
16.5815
16.5461
16.4626
16.3835
16.3790
16.4626
16.4935
16.5438
16.5724
16.6003
16.6919
16.7729
16.8389
16.8883
17.1698
17.4110
17.7636
17.8501
18.0049
18.0468
18.1586
18.4695
18.7943
19.1016
19.3332
19.5496
19.7345
19.9003
20.0034
20.0935
20.2442
20.3867
20.4465
20.5516
20.6212
20.7353
20.7778
20.9382
20.9241
21.0180
21.0878
21.1590
21.1892
21.2399
21.3179
21.3635
21.3797
21.3432
21.3284
21.3200
21.3481
21.3754
21.4505
21.4351
21.4295
20.8874
20.6424
20.2456
20.1342
20.0835
20.0771
20.1342
20.1707
20.1799
20.1671
20.2485
20.3361
20.4592
20.4770
20.4791
20.6091
20.7303
20.8563
20.8845
20.9404
21.0209
21.2806
21.2722
21.2645
21.2033
21.1822
21.1935
21.2012
21.1913
21.1857
21.1765
21.1484
21.1273
21.1322
21.2399
21.4021
21.6990
21.7108
21.6850
21.5927
21.5507
21.5276
21.7835
22.0468
22.2106
22.2682
22.3292
22.3791
22.4240
22.5055
22.5346
22.6077
22.6257
22.6994
22.7366
22.7689
22.8315
22.9071
22.9326
22.9875
23.0156
23.0197
23.0348
23.0499
23.0568
23.0602
23.0581
23.0725
23.0670
23.0807
23.0903
23.1047
23.1136
23.0999
23.1150
23.1259
23.1424
23.1396
23.1335
23.1191
23.0931
23.0848
23.0910
23.0890
23.0869
23.0965
23.0972
23.1170
23.1355
23.1739
23.2115
23.2088
23.2183
23.2368
23.2402
23.2478
23.2587
23.2765
23.2846
23.2908
23.2942
23.3140
23.3270
23.3188
23.3318
23.3263
23.3407
23.3468
23.3461
23.3482
23.3536
23.3571
23.3571
23.3611
23.3598
23.3434
23.3434
23.3427
23.3325
23.1205
22.9978
23.1978
22.7256
22.7097
22.8873
23.1574
23.2724
23.2826
23.2901
23.3099
23.3263
23.3564
23.3584
23.3202
23.2819
23.2423
23.1923
23.1259
23.0355
22.9621
22.8913
22.7001
22.6829
22.6746
22.6746
22.6180
22.5553
22.5836
22.6098
22.6222
22.4683
22.3935
22.3555
22.2987
22.1816
21.6389
21.5696
21.4589
21.3488
21.2216
21.1674
21.2441
21.1920
21.0808
20.3874
20.2969
20.1314
20.1293
20.2064
20.3518
20.3980
20.3154
20.2135
20.1642
20.0999
20.0485
20.0091
19.8938
19.7862
19.7417
19.6698
19.5057
19.4299
19.3440
19.3022
19.2797
19.2667
19.2371
19.2233
19.2211
19.2016
19.0893
18.9332
18.6441
18.5718
18.4783
18.4329
18.3494
18.2695
18.2211
18.1689
18.1476
18.1300
18.1249
18.1432
18.1586
18.1814
18.1961
18.2394
18.2644
18.2827
18.3289
18.3729
18.4219
18.4432
18.4688
18.4761
18.4600
18.4490
18.4534
18.4520
18.4600
18.4571
18.4593
18.4461
18.4337
18.4329
18.4417
18.4351
18.4425
18.4351
18.4080
18.4044
18.4044
18.4058
18.4080
18.4051
18.4051
18.3970
18.3919
18.3956
18.3875
18.3993
18.4058
18.4293
18.5244
18.5390
18.5448
18.5872
18.7076
18.8940
19.1378
19.2790
19.5208
19.7000
19.7661
19.8365
19.8573
19.9339
19.9719
19.9883
20.0005
20.0291
20.0542
20.0163
19.9691
19.9741
20.2663
20.2014
20.3019
20.3354
20.1792
20.0663
20.0692
20.0914
20.2919
20.5828
20.8768
20.9390
21.0787
21.0392
21.0406
21.0483
21.1216
21.1364
21.1435
21.1568
21.1562
21.1625
21.1660
21.2054
21.2526
21.2926
21.3228
21.4007
21.4632
21.4877
21.5689
21.5850
21.6081
21.6172
21.6158
21.5780
21.4085
21.3284
21.2926
21.2736
21.2624
21.2652
21.2926
21.3115
21.3432
21.3705
21.4063
21.4428
21.4743
21.5101
21.5297
21.5535
21.5724
21.5773
21.5759
21.5507
21.5311
21.5073
21.5080
21.5087
21.5108
21.5192
21.5318
21.5332
21.5367
21.5633
21.5780
21.5962
21.6172
21.6172
21.6375
21.6396
21.6522
21.6682
21.7116
21.7563
21.7709
21.8058
21.8051
21.8156
21.8274
21.8316
21.8560
21.8881
21.9138
21.9278
21.9347
21.9668
22.1433
22.2051
22.2086
22.1836
22.2010
22.2030
22.2141
21.9751
21.8456
21.9236
22.0996
22.2037
22.2717
22.2987
22.3956
22.4510
22.5380
22.6146
22.6339
22.6587
22.6877
22.7242
22.7483
22.7772
22.8143
22.9037
22.9161
22.9401
22.9786
23.0108
23.0526
23.0917
23.1663
23.2197
23.2580
23.2785
23.2949
23.3386
23.3884
23.4069
23.4457
23.4471
23.4512
23.4028
23.3680
23.3304
23.3011
23.2874
23.2901
23.2990
23.2662
23.2327
23.2094
23.1773
23.1753
23.1814
23.1793
23.1944
23.2649
23.3236
23.2956
23.3202
23.3011
23.2751
23.1547
23.1403
23.1533
23.1876
23.2546
23.2846
23.3147
23.3407
23.3393
23.3031
23.2887
23.2928
23.2928
23.2853
23.2819
23.2737
23.2730
23.2730
23.2724
23.2724
23.2662
23.2641
23.2094
23.1999
23.0568
23.0149
23.0163
23.0177
23.0321
23.0335
23.0314
23.0273
23.0335
23.0375
23.0382
22.9353
22.5256
22.3389
22.3451
22.5214
22.5960
22.7001
22.1427
22.2079
22.3264
22.4295
22.4351
22.4212
22.3908
22.3970
22.4281
22.4323
22.3998
22.2717
21.9521
21.6396
21.3038
21.1526
19.4473
19.0030
18.7265
18.4805
18.4058
18.3369
18.2879
18.2328
18.1292
18.1072
18.0851
18.1065
18.1145
18.0983
18.0983
18.1072
18.1219
18.1285
18.1277
18.1329
18.1020
18.0748
18.0631
18.0667
18.0770
18.0881
18.1322
18.2343
18.2680
18.3369
18.3949
18.4205
18.4358
18.4439
18.4476
18.4497
18.4468
18.4300
18.4527
18.4585
18.4622
18.4636
18.4819
18.4790
18.4695
18.4564
18.4534
18.4636
18.4593
18.4680
18.4636
18.4476
18.4556
18.4425
18.3956
18.2900
18.3809
18.3648
18.4073
18.3523
18.2812
18.3238
18.3772
18.3824
18.3934
18.4783
18.4717
18.3941
18.3311
18.3670
18.3744
18.3897
18.3963
18.4124
18.4205
18.4439
18.5039
18.4893
18.4922
18.5689
18.6741
18.6871
18.6493
18.7855
18.7448
18.7630
18.8779
18.8438
19.6108
19.8436
19.9790
20.0606
20.0134
20.0906
20.1192
20.0062
19.9920
20.0406
20.0492
20.0449
20.0456
20.0556
20.0599
20.0535
20.0342
20.0249
20.0299
20.0363
20.0478
20.0470
20.0535
20.0614
20.0742
20.0792
20.0828
20.1128
20.1321
20.1486
20.2085
20.2220
20.3026
20.3810
20.3966
20.7282
20.7509
20.8224
21.0956
21.2898
21.3411
21.3853
21.3860
21.3642
21.4021
21.4288
21.4638
21.5080
21.5304
21.5423
21.5724
21.6151
21.6340
21.6515
21.6438
21.6487
21.6221
21.6361
21.6752
21.6361
21.6137
21.5934
21.5626
21.5570
21.5934
21.6605
21.6480
21.8065
21.8372
21.8197
21.8651
21.8957
21.9403
21.9535
21.9619
21.9515
21.9793
22.0801
22.1204
22.1190
22.0829
22.0725
22.0579
22.1072
21.9904
21.9974
22.0273
21.9995
22.0433
22.0676
22.1003
22.2051
22.2606
22.2564
22.2772
22.3506
22.4185
22.4648
22.5346
22.6070
22.6167
22.6236
22.6271
22.6436
22.6402
22.6284
22.6208
22.6229
22.6319
22.6388
22.6456
22.6525
22.6525
22.6498
22.6470
22.6450
22.6339
22.6229
22.6057
22.5912
22.5829
22.5773
22.5753
22.5760
22.5781
22.5760
22.5773
22.5815
22.5870
22.5877
22.5925
22.5960
22.6001
22.6029
22.6174
22.6422
22.6505
22.6525
22.6484
22.6491
22.6402
22.6408
22.6188
22.6112
22.7848
22.8701
22.8495
22.8212
22.6360
22.4599
22.4475
22.4385
22.5201
22.6388
22.7958
22.9820
23.1054
23.2683
23.3386
23.3345
23.3577
23.3864
23.4076
23.4280
23.4573
23.4703
23.4853
23.4730
23.4485
23.4608
23.4464
23.0335
22.7745
22.7634
22.7208
22.7070
22.6870
22.7421
22.8054
22.8535
22.8893
22.9147
22.9456
22.9889
23.0238
23.0307
23.0458
23.0561
23.0417
23.0307
23.0513
22.9854
22.8900
22.8797
22.9305
22.9758
23.0225
23.0238
23.0094
22.9895
22.9957
22.9635
22.9278
22.8955
22.8934
22.8900
21.3656
20.6857
20.5232
20.2969
20.2542
20.1914
20.0678
19.9640
19.8544
19.7194
19.5698
19.5006
19.4494
19.4884
19.5136
19.5489
19.6274
19.7087
19.8020
20.0034
20.0442
20.1649
20.2006
20.2477
20.2734
20.3261
20.3774
20.3838
20.3703
20.3332
20.2883
20.2177
20.0885
19.9719
19.8701
19.7295
19.6310
19.6072
19.5957
19.5461
19.5194
19.5237
19.5093
19.4545
19.3722
19.2971
19.1791
18.9993
18.8743
18.7535
18.6237
18.5053
18.4102
18.3502
18.1792
18.1609
18.1469
18.0969
18.0307
17.9688
17.9776
18.0115
18.0056
18.1821
18.7396
18.9085
19.0755
19.4444
19.9239
20.0206
20.0885
20.1014
20.1892
20.2399
20.2620
20.2598
20.2570
20.2192
20.2406
20.2271
20.2035
20.1778
20.1336
20.1192
20.1385
20.1814
20.1963
20.1878
20.3133
20.3767
20.5331
20.7565
20.8697
20.9651
21.0540
21.1576
21.2181
21.3663
21.4660
21.3754
21.4176
21.3663
21.3846
21.4042
21.4014
21.4933
21.4681
21.4274
21.4358
21.4386
21.4414
21.4723
21.5080
21.5325
21.5339
21.5584
21.5696
21.5941
21.5850
21.5920
21.6053
21.6319
21.6347
21.6689
21.6801
21.7172
21.7430
21.7367
21.7521
21.7248
21.7248
21.7080
21.7102
21.7080
21.7220
21.6913
21.6480
21.6305
21.6165
21.6277
21.6759
21.7339
21.8239
21.8727
21.9278
22.0148
22.0440
22.0815
22.0947
22.1517
22.2141
22.2765
22.3327
22.4067
22.4530
22.4662
22.4696
22.4648
22.4530
22.4468
22.4364
22.4295
22.4281
22.4275
22.4323
22.4434
22.4675
22.4876
22.5055
22.5463
22.5580
22.5663
22.5794
22.5870
22.5967
22.6243
22.6084
22.6029
22.5794
22.5981
22.6077
22.6112
22.6436
22.6463
22.6477
22.6402
22.6049
22.5850
22.4800
22.3867
22.3672
22.4088
22.4267
22.4357
22.4420
22.4551
22.4579
22.4717
22.4931
22.4959
22.5090
22.5138
22.5290
22.5463
22.5332
22.5429
22.5201
22.5166
22.5401
22.5477
22.5435
22.5898
22.5877
22.6374
22.6704
22.6904
22.6884
22.7166
22.7104
22.6877
22.6656
22.6849
22.6891
22.6952
22.6987
22.6952
22.6960
22.6891
22.6925
22.6994
22.7049
22.7104
22.7056
22.7056
22.6987
22.6987
22.7097
22.6980
22.6829
22.7814
22.9525
22.9840
23.0163
23.0128
23.0115
23.0197
23.0746
23.1184
23.1657
23.2040
23.2867
23.3325
23.3386
23.3222
23.3031
23.2928
23.2853
23.2778
23.2696
23.2649
23.2553
23.2505
23.2580
23.2716
23.2853
23.2942
23.2587
23.2204
23.1739
23.1308
23.1259
23.1164
23.0999
23.0657
23.0547
23.0773
23.0814
23.0890
23.0972
23.1095
23.1191
23.1300
23.1300
23.1403
23.1499
23.1732
23.1889
23.1862
23.1766
23.1698
23.1834
23.2122
23.2245
23.2354
23.2361
23.2307
23.2183
23.2122
23.2019
23.1889
23.1814
23.1793
23.1814
23.1547
22.4592
22.0377
21.9529
22.0016
21.7639
21.7800
21.8539
21.8637
21.7758
21.7660
21.4063
21.0779
20.8032
20.4393
20.3532
20.3703
20.3226
20.2891
20.2741
20.2762
20.3098
20.2934
20.2734
20.2926
20.3197
20.3219
20.3710
20.3226
20.2306
20.1578
20.0764
20.0213
19.9883
19.9654
20.0999
20.1949
20.1878
20.2121
20.1214
20.0585
19.9705
19.8386
19.7252
19.5979
19.3086
19.3144
19.2472
19.3296
19.5979
19.8802
19.9297
19.7000
19.9877
20.2442
20.8704
21.2040
21.2975
21.2919
21.3137
21.3095
21.3235
21.1899
21.1927
21.1674
21.2441
21.2736
21.2413
21.1970
21.2131
21.4197
21.4498
21.5710
21.6543
21.7311
21.7437
21.7080
21.7584
21.7702
21.8128
21.8002
21.7862
21.8093
21.8602
21.8811
21.8498
21.8260
21.8281
21.8121
21.7904
21.8219
21.8239
21.8372
21.8490
21.8560
21.8525
21.8623
21.8776
21.8944
21.9180
21.9264
21.9361
21.9445
21.9661
21.9654
21.9925
21.9772
21.9786
21.9459
21.9264
21.9243
21.9403
21.9521
21.9709
21.9800
21.9953
22.0099
22.0294
22.0489
22.0885
22.1177
22.1322
22.2100
22.2329
22.2398
22.3112
22.4641
22.4945
22.4821
22.4765
22.4468
22.4267
22.4192
22.4171
22.4129
22.4129
22.4143
22.4198
22.4240
22.4316
22.4343
22.4440
22.4357
22.4032
22.4005
22.4212
22.4448
22.4896
22.5394
22.5904
22.6215
22.5829
22.5608
22.5159
22.4267
22.3777
22.4040
22.4420
22.4703
22.4924
22.5249
22.5850
22.6533
22.6663
22.6966
22.7566
22.8233
22.8783
22.9079
22.9429
22.9642
22.9937
23.0444
23.0506
23.0677
23.0821
23.1013
23.0992
23.1136
23.1219
23.1191
23.1225
23.1259
23.1273
23.1273
23.1342
23.1438
23.1588
23.1677
23.1629
23.1684
23.1684
23.1691
23.1698
23.1807
23.1848
23.1828
23.1841
23.1746
23.1615
23.1725
23.1739
23.1773
23.1841
23.1684
23.1663
23.1636
23.1615
23.1225
23.0903
23.0794
23.0890
23.0677
23.0430
22.7063
22.5794
22.4737
22.4544
22.4357
22.4357
22.4337
22.4281
22.4005
22.4053
22.3991
22.3991
22.3984
22.4012
22.4019
22.4108
22.4226
22.4496
22.4966
22.7304
22.6477
22.6987
22.8563
22.9202
22.9690
22.9628
22.9889
22.9861
22.9683
22.9731
22.9813
22.9923
23.0060
23.0225
23.0478
22.9593
22.8693
22.8927
22.8810
22.9071
22.9237
22.9216
22.9477
22.9374
22.9621
22.9854
23.0170
22.9628
22.8336
22.7972
22.8652
22.8817
22.9003
22.9223
22.9690
23.0005
23.0369
23.0465
23.0643
23.0814
23.0937
23.1211
23.1465
23.1595
23.1595
23.1766
23.1896
23.2183
23.2443
23.2539
23.2607
23.2614
23.2635
23.2621
23.2450
23.2293
23.2273
23.2341
23.2409
23.2423
23.2478
23.2546
23.2559
23.1869
22.1690
21.6948
21.7395
21.7437
21.6585
21.5241
21.4400
21.4806
21.4014
21.4140
21.3656
21.3327
21.2982
21.2947
21.3073
21.2385
21.1491
21.0617
20.9862
20.9213
20.7841
20.7487
20.7438
20.6814
20.6673
20.6325
20.6219
20.6424
20.8534
21.0864
21.4042
21.5122
21.6305
21.6619
21.5962
21.5304
21.5983
21.6074
21.6109
21.6710
21.7108
21.7695
21.8735
21.8721
21.7912
21.5346
21.3614
21.1639
20.9305
20.8888
20.9086
20.9622
20.9905
21.0173
21.0794
21.1188
21.1519
21.1787
21.1618
21.2870
21.4666
21.5829
21.5717
21.7074
21.7381
21.6941
22.0572
21.8267
21.8434
21.7856
21.8944
22.1697
22.5007
22.8047
22.5877
22.4586
22.5587
22.6608
22.7242
22.7717
22.9552
22.9477
23.0149
23.0561
23.0314
23.0437
23.0218
23.0321
23.0293
23.0643
23.1088
23.1075
23.1438
23.1677
23.1451
23.1451
23.1787
23.1917
23.2662
23.3557
23.4219
23.5792
23.6629
23.6935
23.6962
23.6969
23.6887
23.6779
23.5656
23.4975
23.4069
23.3161
23.2361
22.8584
22.7208
22.4551
21.5899
21.3628
21.3109
21.2701
21.2638
21.2863
21.3115
21.3579
21.3930
21.2989
21.1899
21.2469
21.2848
21.3313
21.3986
21.4632
21.4891
22.5546
23.0389
22.7903
22.1739
21.6717
21.5850
21.5878
21.6508
21.6934
21.6878
21.7360
21.7311
21.8128
22.1204
22.1128
22.1656
22.4116
22.7820
22.7607
22.6884
22.8371
22.8453
22.8604
22.9023
22.9545
22.9792
22.9882
22.9964
23.0595
23.1376
23.1342
23.1191
23.0890
23.0958
23.1287
23.1574
23.1602
23.1225
23.1006
23.0348
22.9806
22.9387
22.9085
22.8749
22.8646
22.7999
22.7263
22.4717
21.5871
21.4295
21.3010
21.2961
21.3123
21.3523
21.3256
21.2708
21.0934
21.0357
20.9912
20.9107
20.8336
20.8308
20.9220
21.0533
21.0130
21.0159
21.0145
21.0215
20.9531
20.8697
20.8478
20.7891
20.7891
20.8167
20.8464
20.8393
20.8322
20.7912
20.7636
20.7551
20.7395
20.7579
20.7601
20.7473
20.7346
20.7374
20.7466
20.7516
20.7579
20.7367
20.7452
20.7551
20.7034
20.5331
20.5672
20.6474
20.6354
20.6991
20.8018
20.8754
20.8520
20.8301
20.9036
21.0046
21.1724
21.4176
21.5402
21.5906
21.5759
21.5465
21.5290
21.5633
21.5626
21.5822
21.5801
21.5899
21.5948
21.5997
21.5913
21.5822
21.5619
21.5416
21.5318
21.5325
21.5318
21.5269
21.5192
21.5262
21.5458
21.5668
21.5717
21.5997
21.6368
21.6368
21.6529
21.6633
21.6829
21.6829
21.7094
21.7521
21.7549
21.7653
21.7597
21.7164
21.7311
21.7744
21.8309
21.8434
21.9146
21.9549
21.9918
21.9897
22.0030
22.0148
22.0252
22.0364
22.0454
22.0468
22.0072
22.0204
22.0273
22.0245
22.0350
22.0475
22.0516
22.0551
22.0544
22.0989
22.1128
22.1385
22.1357
22.1274
22.1336
22.1392
22.1475
22.1406
22.1107
22.1037
22.0773
22.0607
22.1128
22.1552
22.1746
22.1864
22.2155
22.2079
22.2120
22.1933
22.1684
22.1690
22.1607
22.1822
22.1850
22.2329
22.2571
22.2772
22.2717
22.2682
22.2682
22.2613
22.2599
22.2703
22.2800
22.2800
22.3036
22.2973
22.3105
22.3299
22.3278
22.3686
22.4094
22.4212
22.4413
22.4599
22.4558
22.4565
22.4662
22.4793
22.4821
22.4807
22.4821
22.4918
22.5642
22.5615
22.5387
22.5801
22.6077
22.5808
22.5117
22.4821
22.4662
22.4592
22.5601
22.5746
22.5594
22.5055
22.5408
22.6063
22.6463
22.6408
22.6608
22.7628
22.7366
22.7538
22.7834
22.7737
22.8047
22.7827
22.7800
22.7758
22.8034
22.8240
22.8089
22.8233
22.8336
22.8556
22.8728
22.9092
22.9085
22.9518
22.9539
22.9511
22.9566
22.9669
22.9779
22.9621
22.9950
23.0204
23.0451
23.0513
23.0862
23.0327
23.0492
23.1793
23.3004
23.5105
23.5282
23.5432
23.5377
23.5207
23.4948
23.4730
23.4532
23.4273
23.4076
23.3871
23.3837
23.3912
23.3973
23.4014
23.4069
23.4219
23.4062
23.3809
23.3816
23.3782
23.3912
23.3960
23.4280
23.4266
23.3782
23.3557
23.3611
23.3659
23.3796
23.3844
23.3953
23.4062
23.4069
23.4171
23.4287
23.4328
23.4348
23.4396
23.4423
23.4348
23.4341
23.4287
23.4212
23.4130
23.4028
23.4055
23.4062
23.4110
23.4110
23.3298
23.2662
23.2498
23.2505
23.3133
23.3550
23.3618
23.3919
23.4089
23.4143
23.4137
23.4076
23.4123
23.4096
23.4062
23.4041
23.4069
23.4055
23.4007
23.4007
23.3987
23.3837
23.3796
23.3939
23.4130
23.4198
23.4280
23.4307
23.4348
23.4362
23.4369
23.4300
23.4164
23.4089
23.4007
23.3994
23.3973
23.3905
23.3844
23.3816
23.3803
23.3789
23.3755
23.3748
23.3727
23.3727
23.3693
23.3680
23.3666
23.3618
23.3618
23.3577
23.3564
23.3550
23.3543
23.3475
23.3468
23.3393
23.3338
23.3345
23.3338
23.3338
23.3345
23.3338
23.3311
23.3284
23.3257
23.3202
23.3236
23.3249
23.3202
23.2655
23.0869
23.0712
23.0608
23.0526
23.0472
23.0519
23.0581
23.0677
23.0739
23.0773
23.0835
23.0890
23.0958
23.0931
23.0862
23.0876
23.0746
23.0766
23.0739
23.0821
23.0869
23.0883
23.0848
23.0828
23.0910
23.0931
23.1088
23.1116
23.1129
23.1191
23.1328
23.1369
23.1369
23.1349
23.1287
23.1294
23.1266
23.1287
23.1259
23.1184
23.1102
23.0910
23.0910
23.0917
23.0945
23.0986
23.1020
23.1013
23.0958
23.0917
23.0951
23.0979
23.1006
23.1013
23.1034
23.1047
23.1088
23.1246
23.1355
23.1506
23.1636
23.1725
23.1834
23.1903
23.2149
23.2327
23.2478
23.2512
23.2224
23.2013
23.1971
23.1903
23.1930
23.2013
23.2299
23.2402
23.2724
23.2997
23.3270
23.3768
23.3966
23.4737
23.5493
23.5901
23.6160
23.6405
23.6595
23.6880
23.7139
23.7485
23.7580
23.7668
23.7817
23.8089
23.8116
23.8204
23.8245
23.8333
23.8313
23.8414
23.8523
23.8625
23.8719
23.8780
23.8834
23.8828
23.8875
23.8834
23.8807
23.8794
23.8828
23.8807
23.8875
23.8828
23.8814
23.8821
23.8970
23.9769
23.9972
24.0324
24.0520
24.0331
24.0364
24.0276
24.0391
24.0452
24.0371
24.0317
24.0486
24.0675
24.0743
24.1121
24.1243
24.1236
24.1445
24.1567
24.1661
24.1587
24.1756
24.1506
24.1364
24.1175
24.1000
24.1047
24.1722
24.1824
24.1756
24.1918
24.1729
24.1432
24.1634
24.1837
24.2019
24.2033
24.2302
24.1871
24.2026
24.2316
24.2552
24.2781
24.2579
24.2653
24.2417
24.1756
24.1324
24.1182
24.1601
24.1094
24.1783
24.1554
24.1607
24.1763
24.1952
24.2073
24.2403
24.2532
24.2545
24.2532
24.2417
24.2451
24.2383
24.2559
24.2437
24.2417
24.2424
24.2235
24.2215
24.1985
24.1972
24.1931
24.2006
24.2080
24.2309
24.2430
24.2545
24.2653
24.2680
24.2774
24.2842
24.2902
24.2929
24.2943
24.2909
24.2727
24.2572
24.2491
24.2437
24.2255
24.2019
24.1945
24.1978
24.2107
24.2087
24.2094
24.1857
24.1628
24.1405
24.1284
24.1169
24.1006
24.0885
24.0864
24.0831
24.0824
24.0837
24.0804
24.0790
24.0777
24.0824
24.0858
24.0912
24.0926
24.0973
24.1033
24.1169
24.1175
24.1317
24.1284
24.1074
24.0757
24.0486
24.0134
24.0026
23.9986
24.0080
24.0189
24.0405
24.0527
24.0533
24.0391
23.9715
23.9424
23.9214
23.9166
23.9193
23.9228
23.9281
23.9316
23.9336
23.9363
23.9390
23.9404
23.9417
23.9349
23.9336
23.9322
23.9322
23.9336
23.9424
23.9499
23.9627
23.9694
23.9681
23.9762
23.9803
23.9830
23.9722
23.9688
23.9674
23.9661
23.9688
23.9702
23.9756
23.9776
23.9796
23.9783
23.9769
23.9783
23.9803
23.9857
23.9850
23.9884
23.9857
23.9735
23.9654
23.9634
23.9627
23.9614
23.9641
23.9627
23.9667
23.9715
23.9769
23.9803
23.9857
23.9857
23.9932
23.9952
23.9986
24.0019
24.0087
24.0161
24.0202
24.0331
24.0371
24.0391
24.0493
24.0567
24.0601
24.0588
24.0547
24.0648
24.0662
24.0716
24.0736
24.0824
24.0892
24.0912
24.0905
24.1000
24.1189
24.1277
24.1378
24.1493
24.1533
24.1486
24.1567
24.1709
24.1783
24.2451
24.2849
24.3381
24.3778
24.3744
24.3805
24.3919
24.3926
24.3805
24.3569
24.3212
24.2916
24.2896
24.3145
24.3367
24.3307
24.3509
24.3556
24.3340
24.3300
24.3495
24.3617
24.3462
24.3637
24.3515
24.3542
24.3603
24.3603
24.3630
24.3663
24.3677
24.3643
24.3563
24.3509
24.3556
24.3650
24.3758
24.3886
24.3912
24.3899
24.3865
24.3892
24.3886
24.3859
24.3838
24.3859
24.3805
24.3791
24.3811
24.3825
24.3771
24.3710
24.3677
24.3656
24.3617
24.3569
24.3522
24.3509
24.3489
24.3468
24.3435
24.3428
24.3414
24.3435
24.3414
24.3421
24.3509
24.3495
24.3522
24.3529
24.3502
24.3542
24.3529
24.3529
24.3549
24.3549
24.3529
24.3522
24.3563
24.3529
24.3455
24.3401
24.3300
24.3145
24.3078
24.3037
24.2983
24.2875
24.2869
24.2855
24.2849
24.2835
24.2855
24.2882
24.2869
24.2862
24.2822
24.2835
24.2815
24.2808
24.2815
24.2801
24.2788
24.2768
24.2815
24.2781
24.2815
24.2795
24.2795
24.2795
24.2795
24.2808
24.2835
24.2849
24.2862
24.2849
24.2815
24.2835
24.3495
24.4114
24.4175
24.3293
24.3509
24.4242
24.4605
24.5472
24.5512
24.5613
24.5941
24.5599
24.5908
24.6043
24.6217
24.6250
24.6311
24.6331
24.6438
24.6532
24.6619
24.6646
24.6639
24.6699
24.6659
24.6666
24.6659
24.6632
24.6498
24.6478
24.6378
24.6639
24.6740
24.3731
24.1817
24.2188
24.3098
24.2619
24.2248
24.1911
24.1776
24.1547
24.0716
24.0276
23.9532
23.9410
23.9349
23.9410
23.9485
23.9614
23.9762
23.9762
23.9823
24.0026
24.0169
24.0229
24.0391
24.0364
24.0364
24.0601
24.0662
24.0615
24.0919
24.0926
24.1175
24.1432
24.1607
24.1560
24.1790
24.1898
24.1702
24.1992
24.2781
24.3091
24.3037
24.3145
24.3192
24.3219
24.3172
24.3185
24.3293
24.3253
24.3179
24.3212
24.3118
24.2977
24.2909
24.2902
24.2943
24.2902
24.2855
24.2768
24.2653
24.2653
24.2539
24.2228
24.2060
24.1776
24.1574
24.1432
24.1311
24.1142
24.0966
24.0594
24.0351
23.9999
23.9904
23.9817
23.9634
23.9566
23.9817
23.9478
23.9343
23.9072
23.9119
23.8821
23.8801
23.8834
23.8848
23.8563
23.8238
23.8231
23.8163
23.8143
23.8075
23.8028
23.8163
23.8672
23.8733
23.8509
23.8394
23.8509
23.8618
23.8862
23.8496
23.8306
23.8122
23.8231
23.8225
23.8591
23.9390
23.9871
23.9925
23.9769
23.9837
23.9552
23.9729
24.0229
24.0317
24.1148
24.1257
24.1540
24.0547
24.1655
24.1722
24.1898
24.2822
24.2983
24.3098
24.3044
24.3064
24.3003
24.3098
24.3145
24.3131
24.3078
24.2956
24.2896
24.2862
24.2882
24.2923
24.3003
24.3158
24.3158
24.3239
24.3091
24.3044
24.3030
24.3051
24.2990
24.1844
24.1749
24.1567
24.1162
24.1222
24.1047
24.0892
24.0682
24.0723
24.0506
24.0926
24.0952
24.0932
24.0892
24.0067
24.0026
23.9938
23.9965
24.0074
24.0256
24.0567
24.0919
24.1094
24.1081
24.1182
24.1452
24.1695
24.1877
24.2141
24.2242
24.2282
24.2430
24.2430
24.2458
24.2376
24.2478
24.2525
24.2525
24.2424
24.2579
24.2667
24.2525
24.2222
24.2336
24.2195
24.2356
24.2350
24.2376
24.2141
24.2080
24.2040
24.1135
24.0899
24.1155
24.1378
24.1756
24.1810
24.1972
24.2134
24.2114
24.2154
24.2336
24.2141
24.2222
24.2033
24.1992
24.1871
24.1743
24.1655
24.1479
24.1500
24.1709
24.1803
24.1877
24.1871
24.1709
24.1783
24.1904
24.1459
24.1000
24.0973
24.0811
24.1054
24.0899
24.0986
24.1142
24.0757
23.9972
24.0053
24.0243
24.0655
24.0973
24.1257
24.1479
24.1655
24.1770
24.2154
24.2255
24.2201
24.1985
24.2053
24.1884
24.1877
24.1682
24.1756
24.1844
24.1716
24.1702
24.1594
24.1284
24.1020
24.0926
24.0966
24.0993
24.1074
24.1290
24.1304
24.1297
24.1209
24.1169
24.1088
24.0959
24.0905
24.0844
24.0804
24.0743
24.0716
24.0723
24.0723
24.0730
24.0730
24.0702
24.0695
24.0709
23.9742
23.9559
23.9322
23.9193
23.9072
23.8977
23.8895
23.8706
23.8651
23.8848
23.8306
23.8651
23.9045
23.9281
23.9526
23.9749
24.0067
24.0161
24.0479
24.0635
24.0635
24.0479
24.0391
24.0310
24.0155
23.9965
23.9281
23.9058
23.8557
23.8150
23.7478
23.7559
23.7872
23.8136
23.8238
23.7933
23.7994
23.7845
23.7498
23.7417
23.7933
23.8225
23.8143
23.7892
23.7329
23.7519
23.7749
23.7675
23.7465
23.7437
23.7268
23.7315
23.7356
23.7315
23.7288
23.7030
23.7397
23.7600
23.7566
23.7437
23.7301
23.6677
23.6540
23.6520
23.6439
23.6609
23.6656
23.6670
23.6602
23.6670
23.6772
23.6595
23.6493
23.6432
23.6703
23.6738
23.7193
23.7254
23.7043
23.6493
23.7240
23.7390
23.7064
23.6051
23.5466
23.6194
23.7885
23.7016
23.8401
23.8801
23.9078
23.9153
23.9011
23.7981
23.6969
23.6581
23.7831
23.6527
23.5554
23.5799
23.7532
23.7043
23.6894
23.8807
23.8631
23.7627
23.7519
23.6962
23.6472
23.7227
23.8875
23.9336
23.9248
23.8848
23.7627
23.8319
23.8875
23.8842
23.8462
23.8502
23.9221
24.0006
23.9850
23.9959
24.0473
24.1068
24.1756
24.1911
24.2033
24.2451
24.3138
24.3246
24.3764
24.4020
24.4410
24.4585
24.4444
24.4276
24.4229
24.4256
24.4161
24.4121
24.4168
24.4242
24.4491
24.4605
24.4645
24.4679
24.4800
24.4760
24.4800
24.4881
24.4955
24.5015
24.5002
24.5163
24.5230
24.5277
24.5311
24.5351
24.5391
24.5506
24.5485
24.5539
24.5539
24.5519
24.5472
24.5479
24.5485
24.5472
24.5479
24.5445
24.5472
24.5485
24.5465
24.5485
24.5472
24.5472
24.5492
24.5485
24.5405
24.5311
24.5243
24.5223
24.5170
24.5176
24.5197
24.5203
24.5036
24.5062
24.5129
24.5055
24.5075
24.4242
24.3334
24.2943
24.2302
24.2451
24.2512
24.2100
24.1817
24.2067
24.2734
24.3165
24.3435
24.3556
24.3610
24.4081
24.4134
24.4161
24.4309
24.4437
24.4471
24.4498
24.4518
24.4511
24.4531
24.4531
24.4679
24.4592
24.4699
24.4753
24.4706
24.4639
24.4941
24.5485
24.5210
24.5445
24.5532
24.5492
24.5485
24.5506
24.5479
24.5479
24.5599
24.5405
24.5197
24.5532
24.5620
24.5552
24.5431
24.5452
24.5620
24.5358
24.4968
24.4316
24.4498
24.4592
24.4955
24.4955
24.4639
24.4592
24.4545
24.4390
24.4054
24.3966
24.3906
24.3865
24.3744
24.3630
24.3737
24.3690
24.3663
24.3865
24.4074
24.4215
24.4061
24.3987
24.3859
24.3522
24.3381
24.3482
24.2936
24.2707
24.2815
24.2458
24.2505
24.2606
24.2552
24.2653
24.2619
24.2977
24.2842
24.2869
24.2990
24.3091
24.3253
24.3273
24.3361
24.3448
24.3428
24.3387
24.3327
24.2498
24.2033
24.1547
24.1337
24.1189
24.1006
24.0892
24.0736
24.0682
24.0588
24.0473
24.0405
24.0391
24.0344
24.0229
24.0222
24.0148
24.0141
24.0189
24.0209
24.0222
24.0155
24.0087
24.0114
23.9627
23.9295
23.9018
23.7953
23.7919
23.7973
23.8218
23.8380
23.8428
23.8374
23.8442
23.8699
23.8482
23.8258
23.8333
23.8292
23.8313
23.8265
23.8143
23.7824
23.7227
23.6901
23.7247
23.7430
23.7329
23.7145
23.7104
23.8109
23.8997
23.9221
23.9397
23.9586
23.9586
23.9654
23.9526
23.9546
23.9201
23.8997
23.9234
23.9228
23.9146
23.9464
23.9309
23.9932
24.0148
24.0337
24.0486
23.9979
24.0101
24.0155
24.0209
24.0885
24.1425
24.2120
24.2430
24.2842
24.2983
24.3010
24.3105
24.3556
24.3933
24.4316
24.4545
24.4733
24.4847
24.4908
24.4921
24.4887
24.4921
24.4982
24.5048
24.5116
24.5197
24.5243
24.5277
24.5304
24.5458
24.5539
24.5512
24.5579
24.5727
24.5727
24.5794
24.5868
24.5841
24.5875
24.5861
24.5734
24.5707
24.5700
24.5727
24.5734
24.5707
24.5686
24.5774
24.5868
24.5875
24.5881
24.5948
24.5982
24.6029
24.6049
24.6076
24.6062
24.6130
24.6176
24.6170
24.6217
24.6210
24.6176
24.6223
24.6022
24.6022
24.5928
24.5948
24.5948
24.5935
24.5941
24.5908
24.5881
24.5841
24.5922
24.5895
24.5888
24.5854
24.5915
24.5955
24.5975
24.5982
24.6022
24.6096
24.6089
24.6056
24.6082
24.6062
24.6056
24.6056
24.6109
24.6157
24.6230
24.6237
24.6217
24.6297
24.6418
24.6612
24.6659
24.6833
24.6800
24.6847
24.6874
24.7041
24.7128
24.7296
24.7342
24.7376
24.7349
24.7330
24.7342
24.7503
24.7704
24.7825
24.7872
24.7965
24.7912
24.7965
24.8019
24.8012
24.8099
24.8126
24.8146
24.8132
24.8126
24.8119
24.8099
24.8066
24.8086
24.8026
24.8026
24.8005
24.7992
24.8012
24.8012
24.8026
24.7972
24.7972
24.7958
24.7872
24.7811
24.6686
24.6271
24.6217
24.6223
24.6284
24.6559
24.6680
24.6740
24.6478
24.6586
24.6518
24.6465
24.6559
24.6518
24.6411
24.6324
24.6069
24.6022
24.5941
24.5948
24.5955
24.5854
24.5895
24.5854
24.5875
24.5854
24.5807
24.5875
24.5928
24.5908
24.5888
24.5868
24.5861
24.5875
24.5834
24.5875
24.6056
24.6043
24.5915
24.5854
24.5868
24.5814
24.5821
24.5989
24.6022
24.6049
24.6089
24.6103
24.6210
24.6244
24.6304
24.6425
24.6505
24.6230
24.5525
24.5048
24.4410
24.4437
24.4370
24.3825
24.3084
24.3448
24.3670
24.3939
24.3993
24.4087
24.4161
24.4168
24.4202
24.4208
24.4128
24.4094
24.4134
24.4128
24.4262
24.4390
24.4370
24.4626
24.4746
24.4941
24.4854
24.4968
24.5036
24.5062
24.5082
24.5075
24.5096
24.5109
24.5116
24.5136
24.5129
24.5062
24.5055
24.4941
24.4195
24.3226
24.3226
24.3010
24.2491
24.2465
24.2228
24.1803
24.1695
24.1540
24.1222
24.0939
24.0790
24.0547
24.0175
24.0087
23.9999
23.9911
23.9329
23.9349
23.9458
23.9526
23.9641
23.9850
23.9789
23.9999
24.0087
24.0047
24.0060
23.9830
23.9783
23.9817
23.9762
23.9810
23.9844
23.9376
23.7104
23.5506
23.4096
23.3079
23.2416
23.1985
23.1205
23.0615
23.0074
22.9202
22.8776
22.8542
22.9346
22.9717
23.0499
23.1123
23.1519
23.1828
23.1937
23.2313
23.2006
23.2279
23.1855
23.1677
23.1978
23.1807
23.1930
23.1704
23.1787
23.1657
23.1568
23.1527
23.1417
23.1054
23.1034
23.0958
23.1184
23.1403
23.1438
23.1499
23.1663
23.1807
23.2067
23.2218
23.2361
23.2395
23.2512
23.2649
23.2683
23.2716
23.2662
23.2744
23.2997
23.3092
23.3318
23.3871
23.4785
23.4471
23.4485
23.4900
23.4914
23.5479
23.5404
23.5547
23.5575
23.5670
23.5745
23.5813
23.5983
23.6309
23.6656
23.7057
23.7329
23.7573
23.7905
23.8089
23.8435
23.8760
23.9011
23.9383
23.9546
23.9722
23.9864
24.0175
24.0385
24.0621
24.0858
24.0973
24.1020
24.0993
24.0912
24.0858
24.0757
24.0635
24.0601
23.9830
23.9559
23.9329
23.9193
23.9018
23.9004
23.9011
23.8977
23.9126
23.9234
23.9316
23.9458
23.9694
23.9898
23.9634
23.9681
23.9837
23.9823
23.9904
24.0019
24.0047
24.0351
24.0621
24.0899
24.1108
24.1236
24.1371
24.1607
24.1945
24.2107
24.2248
24.2512
24.2552
24.2579
24.2687
24.2714
24.2613
24.2599
24.2593
24.2660
24.2795
24.3125
24.3259
24.3219
24.3300
24.3617
24.3617
24.3980
24.4208
24.4276
24.4384
24.4377
24.4491
24.4410
24.4350
24.4336
24.4323
24.4303
24.4222
24.4148
24.4054
24.3966
24.3737
24.3784
24.3656
24.3603
24.3495
24.3509
24.3354
24.3206
24.3179
24.2990
24.3030
24.3078
24.3010
24.3125
24.3037
24.2902
24.2329
24.1317
23.8421
23.4675
23.1136
22.9964
22.9216
22.8831
22.8845
22.8632
22.8907
22.9868
23.1157
23.2354
23.4423
23.4818
23.5514
23.5874
23.6418
23.7071
23.8163
23.9072
24.0047
24.0026
24.0263
24.0621
24.1061
24.1216
24.1222
24.1074
24.0067
23.9478
23.9349
23.9383
23.8719
23.8014
23.6241
23.5996
23.5922
23.5976
23.6044
23.6037
23.6282
23.6581
23.6690
23.6785
23.6969
23.7118
23.7268
23.7336
23.7376
23.7437
23.7526
23.7682
23.7675
23.7539
23.7594
23.7913
23.9316
23.9918
23.8930
23.9803
24.0209
23.9532
24.0026
24.0169
24.0418
24.0689
24.0567
24.0364
24.0513
24.0418
24.0169
24.0229
24.0148
24.0189
24.0236
24.0101
24.0175
24.0134
24.0189
24.0101
23.8407
23.8001
23.7852
23.7668
23.7627
23.7104
23.6955
23.5806
23.4969
23.4907
23.4559
23.4641
23.4914
23.5391
23.6459
23.6615
23.7043
23.7247
23.7471
23.7817
23.8584
23.9410
23.9749
23.9850
23.9884
23.9904
23.9864
23.9742
23.9620
23.9634
23.9451
23.9309
23.8814
23.7824
23.7485
23.7362
23.7600
23.8014
23.7790
23.7491
23.7403
23.7376
23.7336
23.7444
23.7967
23.8245
23.8543
23.8882
23.9018
23.9018
23.9045
23.9072
23.9166
23.9160
23.8984
23.8746
23.8448
23.8096
23.7913
23.7532
23.7152
23.5608
23.4485
23.4164
23.3584
23.3263
23.3052
23.2587
23.2286
23.1883
23.1711
23.1793
23.1828
23.1259
23.1061
23.1177
23.1417
23.1568
23.1615
23.1649
23.1615
23.1602
23.1574
23.1848
23.2299
23.2846
23.3386
23.4062
23.4157
23.4300
23.4444
23.4492
23.4573
23.4723
23.4969
23.5023
23.5057
23.5105
23.4989
23.4600
23.4198
23.3994
23.3823
23.3803
23.3598
23.3530
23.3591
23.3646
23.3837
23.3864
23.4021
23.4014
23.3994
23.3973
23.3966
23.3857
23.3693
23.3659
23.3543
23.3509
23.3523
23.3516
23.3536
23.3571
23.3625
23.3632
23.3693
23.3700
23.3755
23.3755
23.3816
23.3809
23.3850
23.3871
23.3912
23.3946
23.3980
23.3960
23.3973
23.3980
23.3966
23.3960
23.3891
23.1493
23.1116
23.1006
23.1109
23.1259
23.1383
23.1519
23.1704
23.2183
23.2689
23.3257
23.3871
23.4594
23.5010
23.5636
23.6105
23.6867
23.7111
23.7526
23.7967
23.8096
23.8286
23.8374
23.8536
23.8577
23.8618
23.8631
23.8625
23.8631
23.8651
23.8645
23.8686
23.7743
23.7933
23.7491
23.7043
23.6799
23.6527
23.6731
23.6717
23.6466
23.6370
23.7023
23.7016
23.7193
23.7200
23.7566
23.7723
23.7770
23.7940
23.7620
23.7471
23.7220
23.6840
23.6486
23.6153
23.5928
23.5438
23.5466
23.5316
23.5316
23.5398
23.6078
23.6765
23.7315
23.7566
23.7831
23.7953
23.8143
23.8265
23.8374
23.8401
23.8435
23.8455
23.8475
23.8394
23.8462
23.8292
23.7994
23.7987
23.7852
23.7749
23.7634
23.7627
23.7519
23.7444
23.7383
23.7268
23.7213
23.7186
23.7186
23.7186
23.7200
23.7200
23.7118
23.7071
23.7186
23.7145
23.7043
23.6731
23.6160
23.6085
23.6085
23.6078
23.6037
23.5963
23.5786
23.5826
23.5765
23.5786
23.5786
23.5697
23.5697
23.5738
23.5731
23.5697
23.5643
23.5479
23.5316
23.5302
23.5363
23.5343
23.5404
23.5445
23.5486
23.3721
22.9779
22.8604
22.8522
22.8460
22.7662
22.7697
22.7490
22.7806
22.6884
22.6656
22.6498
22.5760
22.5339
22.5166
22.4918
22.4821
22.4793
22.4869
22.5007
22.4986
22.5049
22.5042
22.5380
22.5504
22.5594
22.5636
22.5925
22.5580
22.5297
22.5131
22.5325
22.5649
22.5808
22.6015
22.6402
22.6843
22.7655
22.8542
23.0670
23.1095
23.1136
23.0835
23.0807
23.0903
23.1438
23.2956
23.3543
23.4062
23.4164
23.4608
23.4962
23.5220
23.5473
23.5881
23.6398
23.6663
23.6092
23.5942
23.5915
23.5779
23.5806
23.5765
23.5861
23.2559
23.1896
23.2307
23.2614
23.2628
23.2580
23.2491
23.2382
23.2211
23.1964
23.1787
23.1793
23.1807
23.1821
23.1807
23.1814
23.1862
23.1903
23.1910
23.1615
23.1602
23.1493
23.1314
23.1342
23.1047
23.1123
23.1129
23.1157
23.1184
23.1239
23.1308
23.1389
23.1493
23.1239
23.0896
23.0574
23.0499
23.0403
23.0608
23.1040
23.1088
23.0992
23.0937
23.0951
23.0972
23.0903
23.0924
23.0883
23.0890
23.0945
23.1054
23.1116
23.1020
23.1006
23.1026
23.0979
23.1006
23.1095
23.1164
23.1211
23.1266
23.1266
23.1349
23.1376
23.1308
23.1273
23.1259
23.1232
23.1239
23.1225
23.1259
23.1253
23.1259
23.1273
23.1294
23.1335
23.1424
23.1574
23.1698
23.2259
23.2429
23.0437
23.0485
23.0684
23.0979
23.1499
23.2177
23.2580
23.3414
23.3809
23.4348
23.5234
23.6024
23.6609
23.6812
23.6846
23.6819
23.6731
23.6364
23.5915
23.5922
23.5983
23.5928
23.5731
23.5718
23.5738
23.5663
23.5711
23.5847
23.5928
23.5908
23.5643
23.5663
23.5772
23.5683
23.5677
23.5636
23.5670
23.5575
23.5622
23.5738
23.5928
23.5935
23.5861
23.5908
23.5983
23.5901
23.5759
23.5806
23.5847
23.5459
23.5050
23.4710
23.4573
23.4532
23.4594
23.4621
23.4689
23.4751
23.4853
23.5050
23.5295
23.5438
23.5629
23.5711
23.5759
23.5759
23.5670
23.5554
23.5473
23.5486
23.5466
23.4382
23.1657
22.6319
22.5228
22.5242
22.4959
22.3126
22.2786
22.2911
22.4343
22.4751
22.4807
22.4959
22.2918
22.2384
22.3375
22.4026
22.4779
22.4150
22.3804
22.3887
22.4316
22.5180
22.5470
22.6174
22.6718
22.6952
22.7083
22.7380
