    24.0026
    24.0019
    24.0094
    24.0074
    24.0094
    24.0074
    24.0033
    23.9965
    23.9783
    23.9614
    23.9234
    23.7763
    23.7139
    23.6914
    23.7172
    23.7872
    23.8055
    23.8034
    23.7960
    23.8218
    23.8387
    23.8346
    23.8286
    23.8374
    23.8482
    23.8523
    23.8638
    23.8651
    23.8692
    23.8774
    23.8842
    23.9058
    23.8950
    23.9329
    23.9356
    23.9349
    23.9471
    23.9492
    23.9464
    23.9451
    23.9593
    23.9458
    23.9485
    23.9431
    23.9363
    23.9390
    23.9458
    23.9417
    23.9499
    23.9349
    23.9417
    23.9478
    23.9512
    23.9356
    23.9275
    24.0047
    24.0452
    24.0588
    24.0479
    24.0446
    24.0439
    24.0446
    24.0473
    24.0378
    24.0216
    24.0074
    24.0101
    23.9938
    23.9783
    23.9607
    23.9458
    23.9417
    23.9349
    23.9302
    23.9153
    23.9126
    23.9119
    23.9126
    23.9153
    23.9234
    23.9349
    23.9444
    23.9593
    23.9661
    23.9708
    23.9729
    23.9762
    23.9769
    23.9844
    23.9945
    24.0013
    24.0101
    24.0169
    24.0195
    24.0236
    24.0263
    24.0317
    24.0364
    24.0439
    24.0473
    24.0513
    24.0567
    24.0628
    24.0635
    24.0655
    24.0655
    24.0628
    24.0594
    24.0466
    24.0418
    24.0195
    24.0080
    23.9850
    23.9722
    23.9674
    23.9729
    23.9749
    23.9972
    23.6207
    23.0595
    22.3617
    22.1420
    22.0176
    22.0433
    22.0621
    21.8504
    21.7570
    21.7604
    21.6955
    21.5066
    21.4337
    21.4119
    21.4042
    21.3720
    21.2996
    21.2476
    21.2012
    21.1716
    21.0321
    20.9637
    20.8570
    20.6403
    20.5288
    20.4073
    20.3297
    20.2427
    20.1778
    20.1028
    20.0599
    20.1143
    20.1728
    20.1957
    20.2185
    20.2299
    20.2891
    20.3375
    20.4109
    20.3454
    20.3589
    20.4009
    20.4379
    20.4919
    20.5118
    20.5310
    20.5892
    20.5707
    20.6920
    20.6956
    20.7764
    20.8775
    20.9284
    21.0053
    21.0688
    21.1843
    21.1055
    21.1794
    21.3481
    21.3832
    21.4393
    22.2807
    22.7318
    22.8192
    22.8680
    22.8721
    22.9003
    22.8749
    22.8542
    22.8535
    22.8391
    22.8529
    22.8309
    22.8219
    22.8309
    22.8652
    22.8474
    22.8522
    22.8260
    22.8886
    22.9765
    23.0821
    23.1280
    23.2806
    23.3891
    23.4273
    23.4716
    23.5057
    23.5506
    23.6411
    23.6908
    23.8102
    23.8313
    23.8299
    23.8814
    23.9113
    23.9343
    23.9431
    23.9756
    24.0459
    24.0256
    24.0263
    24.0304
    24.0351
    23.9837
    23.9776
    23.9783
    23.9925
    23.9898
    23.9938
    24.0189
    24.0439
    24.0797
    24.0581
    24.0405
    24.0317
    24.0141
    23.9694
    23.8842
    23.8360
    23.8028
    23.7573
    23.7655
    23.6826
    23.6071
    23.5336
    23.4559
    23.4730
    23.5520
    23.7559
    23.8516
    23.8936
    23.9397
    24.0019
    24.0324
    24.0533
    24.0594
    24.0682
    24.0831
    24.0932
    24.0966
    24.1088
    24.1135
    24.1196
    24.1202
    24.1236
    24.1250
    24.1284
    24.1364
    24.1371
    24.1486
    24.1628
    24.1675
    24.1716
    24.1763
    24.1830
    24.1871
    24.1938
    24.1925
    24.1972
    24.2033
    24.2073
    24.2087
    24.2013
    24.1985
    24.2040
    24.2080
    24.2080
    24.2053
    24.1985
    24.1952
    24.1877
    24.1621
    24.0358
    24.0263
    24.0249
    24.0446
    24.0459
    24.0310
    24.0364
    24.0344
    24.0452
    24.0364
    24.0290
    24.0175
    24.0114
    24.0080
    24.0175
    24.0276
    24.0304
    24.0479
    24.0439
    24.0391
    24.0486
    24.0574
    24.0743
    24.0784
    24.1020
    24.1250
    24.1257
    24.1527
    24.1628
    24.1783
    24.1877
    24.1958
    24.1999
    24.2060
    24.1945
    24.1743
    24.1378
    24.1182
    24.1115
    24.1169
    24.1068
    24.0899
    24.0784
    24.0743
    24.0777
    24.0777
    24.0777
    24.0790
    24.0804
    24.0837
    24.0851
    24.0757
    24.0743
    24.0770
    24.0736
    24.0669
    24.0709
    24.0824
    24.0858
    24.0959
    24.0892
    24.0229
    23.9410
    23.8225
    23.8055
    23.8048
    23.8238
    23.8469
    23.8604
    23.8536
    23.8414
    23.7905
    23.7254
    23.6860
    23.6602
    23.6418
    23.6248
    23.6418
    23.6316
    23.6445
    23.6472
    23.3482
    23.1862
    22.9168
    22.8281
    23.2990
    23.5718
    23.2279
    23.1609
    22.4579
    22.0391
    21.7584
    21.7025
    21.7088
    21.4919
    21.4701
    21.6095
    21.8525
    21.9452
    22.3001
    22.6319
    22.7648
    21.9333
    21.1970
    20.9616
    20.7629
    20.6729
    20.5921
    20.5175
    20.4791
    20.3973
    20.3568
    20.3383
    20.3390
    20.3233
    20.3169
    20.3126
    20.3119
    20.3140
    20.0521
    19.9784
    19.6734
    19.5331
    19.4747
    19.4682
    19.4761
    19.5266
    19.6274
    19.6857
    19.7094
    19.6756
    19.5777
    19.5079
    19.4826
    19.4343
    19.4054
    19.3765
    19.3845
    19.3838
    19.4098
    19.4220
    19.4444
    19.4559
    19.4617
    19.4660
    19.4704
    19.4653
    19.4617
    19.4733
    19.4848
    19.4992
    19.4992
    19.5028
    19.5107
    19.5359
    19.4833
    19.4855
    19.4942
    19.4494
    19.3376
    19.2681
    19.2920
    19.2291
    19.0958
    18.9964
    19.0610
    19.1168
    19.1277
    19.1704
    19.3354
    19.4465
    19.5705
    19.7561
    19.7151
    19.8565
    20.0363
    20.3026
    20.3055
    20.4230
    20.5842
    20.9806
    20.9057
    21.1456
    21.2750
    21.6032
    21.9459
    21.8755
    21.9396
    22.0002
    22.1329
    22.2079
    22.3195
    22.2745
    22.3119
    22.3333
    22.3721
    22.3935
    22.4205
    22.4164
    22.4247
    22.4226
    22.4434
    22.4496
    22.4448
    22.3922
    22.3465
    22.3479
    22.3514
    22.3839
    22.4157
    22.4219
    22.4448
    22.4613
    22.4724
    22.4855
    22.5055
    22.5145
    22.5249
    22.5539
    22.5767
    22.6022
    22.6105
    22.6194
    22.6222
    22.6374
    22.6629
    22.6670
    22.6843
    22.7091
    22.7304
    22.7269
    22.7972
    22.9298
    22.9820
    23.0403
    23.0663
    23.0951
    23.1109
    23.1170
    23.1013
    23.0842
    23.0663
    23.0403
    23.0163
    22.9786
    22.9683
    22.9545
    22.9710
    23.0074
    23.0170
    23.0163
    23.0574
    23.0856
    23.1396
    23.2491
    23.3550
    23.5207
    23.5908
    23.6316
    23.6860
    23.7166
    23.7444
    23.7566
    23.7655
    23.7749
    23.7682
    23.7770
    23.7933
    23.7981
    23.8279
    23.8475
    23.8414
    23.8672
    23.8760
    23.8842
    23.8950
    23.9051
    23.9051
    23.9004
    23.9045
    23.9072
    23.8936
    23.8746
    23.8530
    23.8326
    23.8211
    23.8286
    23.8346
    23.8407
    23.8462
    23.8509
    23.8496
    23.8496
    23.8475
    23.7817
    23.5030
    23.5050
    23.4880
    23.4880
    23.4614
    23.4492
    23.4457
    23.4014
    23.3762
    23.3796
    23.3734
    23.3755
    23.3939
    23.4212
    23.4307
    23.4369
    23.4457
    23.4669
    23.5023
    23.4989
    23.4907
    23.4518
    23.4321
    23.4539
    23.4689
    23.4893
    23.5030
    23.4751
    23.4559
    23.4382
    23.3864
    23.3830
    23.3455
    23.3154
    23.2881
    23.2696
    23.2532
    23.2026
    23.1773
    23.1588
    23.1588
    23.1739
    23.1554
    23.1205
    23.0814
    23.0437
    23.0225
    23.0005
    22.9772
    22.8948
    22.7449
    22.7221
    22.7083
    22.7221
    22.7304
    22.7063
    22.6311
    22.5325
    22.3873
    22.4330
    22.4192
    22.2987
    22.2717
    22.4012
    22.5021
    22.6822
    22.8927
    23.2806
    23.3448
    23.2169
    22.9703
    22.8577
    22.8040
    22.7896
    22.7634
    22.7269
    22.7173
    22.7297
    22.7779
    22.7524
    22.7841
    22.7910
    22.8350
    22.8728
    22.8625
    22.8247
    22.7662
    22.7428
    22.6794
    22.6284
    22.6167
    21.4604
    21.0505
    20.8627
    20.8980
    21.2356
    21.1597
    21.0074
    20.9114
    20.7183
    20.5580
    20.4066
    20.2798
    20.2934
    20.2463
    20.2014
    20.2070
    20.1856
    20.3112
    20.3617
    20.3311
    20.3226
    20.2777
    20.2527
    20.2349
    20.1621
    20.0928
    19.9676
    19.6497
    19.5208
    19.3715
    19.1176
    19.0472
    19.0066
    18.9877
    18.9768
    18.9427
    18.9041
    18.8584
    18.8423
    18.8561
    18.8911
    18.9478
    18.9921
    19.0073
    19.0450
    19.0733
    18.2438
    18.0638
    18.0321
    17.7104
    17.5037
    17.5401
    17.7378
    17.8744
    18.1197
    18.3802
    18.4468
    18.4366
    18.3787
    18.3172
    18.2959
    18.2615
    18.2269
    18.2181
    18.2189
    18.2292
    18.2416
    18.2615
    18.2812
    18.2798
    18.2688
    18.4014
    18.5258
    18.5543
    18.6142
    18.6522
    18.7222
    18.7907
    18.8067
    18.8322
    18.8292
    18.8591
    18.8511
    18.8591
    18.8627
    18.8613
    18.8685
    18.8772
    18.8882
    18.8911
    18.8976
    18.9122
    18.9376
    18.9434
    18.9419
    18.9390
    18.9594
    18.9448
    18.9594
    19.1219
    19.2631
    19.3888
    19.5208
    19.8916
    20.0198
    20.1707
    20.1921
    20.3504
    20.5182
    20.7303
    20.8068
    20.9036
    20.9256
    20.9679
    20.9728
    20.9912
    21.0180
    21.0130
    21.0392
    21.0300
    20.9418
    20.8733
    20.8379
    20.8379
    20.8457
    20.8740
    20.8973
    20.8980
    20.9333
    20.9164
    20.9100
    20.8733
    20.8407
    20.8188
    20.8103
    20.7657
    20.7650
    20.7629
    20.7438
    20.7041
    20.6573
    20.6566
    20.6375
    20.6212
    20.6176
    20.6261
    20.6679
    20.9114
    21.0681
    21.1096
    21.1209
    21.0723
    21.0363
    20.8966
    20.9234
    20.9700
    21.0117
    21.0032
    21.0293
    21.1554
    21.3193
    21.4323
    21.4877
    21.5248
    21.5598
    21.6109
    21.6780
    21.6633
    21.6906
    21.7437
    21.7800
    21.8609
    21.7912
    21.8372
    21.8797
    21.9285
    21.9382
    21.9278
    21.8713
    21.8128
    21.7926
    21.7653
    21.7206
    21.7528
    21.8086
    21.7667
    21.5472
    21.5115
    21.5227
    21.7227
    22.0343
    22.2765
    22.3562
    22.5498
    22.6077
    22.6691
    22.7463
    22.7786
    22.7318
    22.7180
    22.7511
    22.7483
    22.7751
    22.8061
    22.8103
    22.8927
    22.9099
    22.9257
    22.9669
    22.9944
    23.0622
    23.1164
    23.1451
    23.1540
    23.1513
    23.1513
    23.1451
    23.1424
    23.1383
    23.1438
    23.1533
    23.1663
    23.1828
    23.1971
    23.2053
    23.2143
    23.2204
    23.2286
    23.2348
    23.2423
    23.2505
    23.2621
    23.2716
    23.2689
    23.2758
    23.2689
    23.2792
    23.2730
    23.2860
    23.2819
    23.2860
    23.3215
    23.3120
    23.3243
    23.3379
    23.3427
    23.3359
    23.3386
    23.3414
    23.3455
    23.3516
    23.3543
    23.3659
    23.3687
    23.3625
    23.3611
    23.3659
    23.3584
    23.3577
    23.3468
    23.3495
    23.3495
    23.3386
    23.3373
    23.3195
    23.4055
    23.4887
    23.4826
    23.4682
    23.4832
    23.5057
    23.5343
    23.5391
    23.5357
    23.5398
    23.5377
    23.5330
    23.5132
    23.5112
    23.5010
    23.4880
    23.4818
    23.4880
    23.4812
    23.4389
    23.4382
    23.3884
    22.5083
    22.3105
    22.3555
    21.6515
    21.5584
    23.3721
    23.5023
    23.3174
    22.7469
    22.4675
    22.1607
    21.1815
    20.8053
    20.5175
    20.4727
    20.5488
    20.6878
    20.7764
    20.8089
    20.7813
    20.7579
    20.7657
    20.7841
    20.7962
    20.8139
    20.4777
    20.2335
    20.0713
    19.8709
    19.6835
    19.6159
    19.5878
    19.6015
    19.6346
    19.6389
    19.5756
    19.5331
    19.4963
    19.4905
    19.4805
    19.4343
    19.3924
    19.3159
    19.2558
    19.1712
    19.0987
    19.0668
    19.0632
    19.0632
    19.0581
    19.0400
    18.9812
    18.9376
    18.7302
    18.6500
    18.6127
    18.5850
    18.5740
    18.5733
    18.5879
