21.1273
21.1322
21.2399
21.4021
21.699
21.7108
21.685
21.5927
21.5507
21.5276
21.7835
22.0468
22.2106
22.2682
22.3292
22.3791
22.424
22.5055
22.5346
22.6077
22.6257
22.6994
22.7366
22.7689
22.8315
22.9071
22.9326
22.9875
23.0156
23.0197
23.0348
23.0499
23.0568
23.0602
23.0581
23.0725
23.067
23.0807
23.0903
23.1047
23.1136
23.0999
23.115
23.1259
23.1424
23.1396
23.1335
23.1191
23.0931
23.0848
23.091
23.089
23.0869
23.0965
23.0972
23.117
23.1355
23.1739
23.2115
23.2088
23.2183
23.2368
23.2402
23.2478
23.2587
23.2765
23.2846
23.2908
23.2942
23.314
23.327
23.3188
23.3318
23.3263
23.3407
23.3468
23.3461
23.3482
23.3536
23.3571
23.3571
23.3611
23.3598
23.3434
23.3434
23.3427
23.3325
23.1205
22.9978
23.1978
22.7256
22.7097
22.8873
23.1574
23.2724
23.2826
23.2901
23.3099
23.3263
23.3564
23.3584
23.3202
23.2819
23.2423
23.1923
23.1259
23.0355
22.9621
22.8913
22.7001
22.6829
22.6746
22.6746
22.618
22.5553
22.5836
22.6098
22.6222
22.4683
22.3935
22.3555
22.2987
22.1816
21.6389
21.5696
21.4589
21.3488
21.2216
21.1674
21.2441
21.192
21.0808
20.3874
20.2969
20.1314
20.1293
20.2064
20.3518
20.398
20.3154
20.2135
20.1642
20.0999
20.0485
20.0091
19.8938
19.7862
19.7417
19.6698
19.5057
19.4299
19.344
19.3022
19.2797
19.2667
19.2371
19.2233
19.2211
19.2016
19.0893
18.9332
18.6441
18.5718
18.4783
18.4329
18.3494
18.2695
18.2211
18.1689
18.1476
18.13
18.1249
18.1432
18.1586
18.1814
18.1961
18.2394
18.2644
18.2827
18.3289
18.3729
18.4219
18.4432
18.4688
18.4761
18.46
18.449
18.4534
18.452
18.46
18.4571
18.4593
18.4461
18.4337
18.4329
18.4417
18.4351
18.4425
18.4351
18.408
18.4044
18.4044
18.4058
18.408
18.4051
18.4051
18.397
18.3919
18.3956
18.3875
18.3993
18.4058
18.4293
18.5244
18.539
18.5448
18.5872
18.7076
18.894
19.1378
19.279
19.5208
19.7
19.7661
19.8365
19.8573
19.9339
19.9719
19.9883
20.0005
20.0291
20.0542
20.0163
19.9691
19.9741
20.2663
20.2014
20.3019
20.3354
20.1792
20.0663
20.0692
20.0914
20.2919
20.5828
20.8768
20.939
21.0787
21.0392
21.0406
21.0483
21.1216
21.1364
21.1435
21.1568
21.1562
21.1625
21.166
21.2054
21.2526
21.2926
21.3228
21.4007
21.4632
21.4877
21.5689
21.585
21.6081
21.6172
21.6158
21.578
21.4085
21.3284
21.2926
21.2736
21.2624
21.2652
21.2926
21.3115
21.3432
21.3705
21.4063
21.4428
21.4743
21.5101
21.5297
21.5535
21.5724
21.5773
21.5759
21.5507
21.5311
21.5073
21.508
21.5087
21.5108
21.5192
21.5318
21.5332
21.5367
21.5633
21.578
21.5962
21.6172
21.6172
21.6375
21.6396
21.6522
21.6682
21.7116
21.7563
21.7709
21.8058
21.8051
21.8156
21.8274
21.8316
21.856
21.8881
21.9138
21.9278
21.9347
21.9668
22.1433
22.2051
22.2086
22.1836
22.201
22.203
22.2141
21.9751
21.8456
21.9236
22.0996
22.2037
22.2717
22.2987
22.3956
22.451
22.538
22.6146
22.6339
22.6587
22.6877
22.7242
22.7483
22.7772
22.8143
22.9037
22.9161
22.9401
22.9786
23.0108
23.0526
23.0917
23.1663
23.2197
23.258
23.2785
23.2949
23.3386
23.3884
23.4069
23.4457
23.4471
23.4512
23.4028
23.368
23.3304
23.3011
23.2874
23.2901
23.299
23.2662
23.2327
23.2094
23.1773
23.1753
23.1814
23.1793
23.1944
23.2649
23.3236
23.2956
23.3202
23.3011
23.2751
23.1547
23.1403
23.1533
23.1876
23.2546
23.2846
23.3147
23.3407
23.3393
23.3031
23.2887
23.2928
23.2928
23.2853
23.2819
23.2737
23.273
23.273
23.2724
23.2724
23.2662
23.2641
23.2094
23.1999
23.0568
23.0149
23.0163
23.0177
23.0321
23.0335
23.0314
23.0273
23.0335
23.0375
23.0382
22.9353
22.5256
22.3389
22.3451
22.5214
22.596
22.7001
22.1427
22.2079
22.3264
22.4295
22.4351
22.4212
22.3908
22.397
22.4281
22.4323
22.3998
22.2717
21.9521
21.6396
21.3038
21.1526
19.4473
19.003
18.7265
18.4805
18.4058
18.3369
18.2879
18.2328
18.1292
18.1072
18.0851
18.1065
18.1145
18.0983
18.0983
18.1072
18.1219
18.1285
18.1277
18.1329
18.102
18.0748
18.0631
18.0667
18.077
18.0881
18.1322
18.2343
18.268
18.3369
18.3949
18.4205
18.4358
18.4439
18.4476
18.4497
18.4468
18.43
18.4527
18.4585
18.4622
18.4636
18.4819
18.479
18.4695
18.4564
18.4534
18.4636
18.4593
18.468
18.4636
18.4476
18.4556
18.4425
18.3956
18.29
18.3809
18.3648
18.4073
18.3523
18.2812
18.3238
18.3772
18.3824
18.3934
18.4783
18.4717
18.3941
18.3311
18.367
18.3744
18.3897
18.3963
18.4124
18.4205
18.4439
18.5039
18.4893
18.4922
18.5689
18.6741
18.6871
18.6493
18.7855
18.7448
18.763
18.8779
18.8438
19.6108
19.8436
19.979
20.0606
20.0134
20.0906
20.1192
20.0062
19.992
20.0406
20.0492
20.0449
20.0456
20.0556
20.0599
20.0535
20.0342
20.0249
20.0299
20.0363
20.0478
20.047
20.0535
20.0614
20.0742
20.0792
20.0828
20.1128
20.1321
20.1486
20.2085
20.222
20.3026
20.381
20.3966
20.7282
20.7509
20.8224
21.0956
21.2898
21.3411
21.3853
21.386
